57	233	0.946691
233	57	0.946691
57	31	0.947772
31	57	0.947772
57	65	0.957908
65	57	0.957908
57	16	0.961129
16	57	0.961129
57	119	0.961263
119	57	0.961263
57	193	0.913847
193	57	0.913847
57	97	0.957605
97	57	0.957605
57	176	0.943247
176	57	0.943247
57	75	0.952816
75	57	0.952816
57	184	0.963160
184	57	0.963160
57	214	0.963324
214	57	0.963324
57	0	0.950012
0	57	0.950012
57	320	0.960903
320	57	0.960903
57	205	0.950301
205	57	0.950301
57	83	0.962569
83	57	0.962569
57	297	0.960864
297	57	0.960864
57	321	0.941858
321	57	0.941858
233	31	0.985520
31	233	0.985520
233	65	0.975353
65	233	0.975353
233	16	0.978918
16	233	0.978918
233	119	0.975558
119	233	0.975558
233	193	0.973545
193	233	0.973545
233	97	0.973536
97	233	0.973536
233	176	0.984282
176	233	0.984282
233	75	0.981010
75	233	0.981010
233	184	0.979082
184	233	0.979082
233	214	0.952082
214	233	0.952082
233	0	0.973530
0	233	0.973530
233	320	0.979172
320	233	0.979172
233	205	0.994272
205	233	0.994272
233	83	0.976365
83	233	0.976365
233	297	0.962143
297	233	0.962143
233	321	0.992303
321	233	0.992303
31	65	0.975161
65	31	0.975161
31	16	0.976016
16	31	0.976016
31	119	0.971651
119	31	0.971651
31	193	0.975349
193	31	0.975349
31	97	0.977170
97	31	0.977170
31	176	0.980524
176	31	0.980524
31	75	0.980632
75	31	0.980632
31	184	0.979217
184	31	0.979217
31	214	0.964992
214	31	0.964992
31	0	0.980914
0	31	0.980914
31	320	0.975292
320	31	0.975292
31	205	0.984863
205	31	0.984863
31	83	0.974229
83	31	0.974229
31	297	0.960720
297	31	0.960720
31	321	0.987682
321	31	0.987682
65	16	0.989511
16	65	0.989511
65	119	0.991390
119	65	0.991390
65	193	0.959103
193	65	0.959103
65	97	0.996619
97	65	0.996619
65	176	0.990915
176	65	0.990915
65	75	0.991064
75	65	0.991064
65	184	0.993282
184	65	0.993282
65	214	0.982036
214	65	0.982036
65	0	0.984157
0	65	0.984157
65	320	0.988837
320	65	0.988837
65	205	0.974243
205	65	0.974243
65	83	0.987078
83	65	0.987078
65	297	0.965810
297	65	0.965810
65	321	0.977000
321	65	0.977000
16	119	0.988594
119	16	0.988594
16	193	0.954107
193	16	0.954107
16	97	0.988147
97	16	0.988147
16	176	0.982697
176	16	0.982697
16	75	0.988191
75	16	0.988191
16	184	0.989301
184	16	0.989301
16	214	0.977148
214	16	0.977148
16	0	0.982165
0	16	0.982165
16	320	0.987670
320	16	0.987670
16	205	0.981463
205	16	0.981463
16	83	0.998612
83	16	0.998612
16	297	0.973898
297	16	0.973898
16	321	0.977096
321	16	0.977096
119	193	0.949825
193	119	0.949825
119	97	0.989455
97	119	0.989455
119	176	0.982564
176	119	0.982564
119	75	0.988789
75	119	0.988789
119	184	0.991393
184	119	0.991393
119	214	0.977119
214	119	0.977119
119	0	0.980657
0	119	0.980657
119	320	0.985924
320	119	0.985924
119	205	0.976676
205	119	0.976676
119	83	0.987421
83	119	0.987421
119	297	0.963445
297	119	0.963445
119	321	0.975630
321	119	0.975630
193	97	0.957465
97	193	0.957465
193	176	0.974559
176	193	0.974559
193	75	0.960439
75	193	0.960439
193	184	0.955911
184	193	0.955911
193	214	0.939332
214	193	0.939332
193	0	0.961368
0	193	0.961368
193	320	0.948239
320	193	0.948239
193	205	0.973102
205	193	0.973102
193	83	0.948002
83	193	0.948002
193	297	0.933028
297	193	0.933028
193	321	0.980615
321	193	0.980615
97	176	0.987873
176	97	0.987873
97	75	0.989536
75	97	0.989536
97	184	0.994290
184	97	0.994290
97	214	0.984466
214	97	0.984466
97	0	0.987250
0	97	0.987250
97	320	0.987118
320	97	0.987118
97	205	0.973357
205	97	0.973357
97	83	0.986263
83	97	0.986263
97	297	0.967023
297	97	0.967023
97	321	0.975163
321	97	0.975163
176	75	0.988351
75	176	0.988351
176	184	0.986539
184	176	0.986539
176	214	0.968157
214	176	0.968157
176	0	0.980555
0	176	0.980555
176	320	0.982411
320	176	0.982411
176	205	0.982042
205	176	0.982042
176	83	0.978280
83	176	0.978280
176	297	0.959450
297	176	0.959450
176	321	0.989062
321	176	0.989062
75	184	0.991480
184	75	0.991480
75	214	0.975636
214	75	0.975636
75	0	0.987396
0	75	0.987396
75	320	0.983852
320	75	0.983852
75	205	0.981219
205	75	0.981219
75	83	0.987063
83	75	0.987063
75	297	0.957340
297	75	0.957340
75	321	0.980875
321	75	0.980875
184	214	0.980643
214	184	0.980643
184	0	0.990075
0	184	0.990075
184	320	0.990981
320	184	0.990981
184	205	0.980435
205	184	0.980435
184	83	0.988615
83	184	0.988615
184	297	0.965208
297	184	0.965208
184	321	0.979682
321	184	0.979682
214	0	0.977502
0	214	0.977502
214	320	0.975320
320	214	0.975320
214	205	0.959503
205	214	0.959503
214	83	0.975679
83	214	0.975679
214	297	0.958294
297	214	0.958294
214	321	0.957480
321	214	0.957480
0	320	0.981576
320	0	0.981576
0	205	0.978842
205	0	0.978842
0	83	0.980719
83	0	0.980719
0	297	0.953484
297	0	0.953484
0	321	0.976761
321	0	0.976761
320	205	0.980947
205	320	0.980947
320	83	0.987836
83	320	0.987836
320	297	0.967790
297	320	0.967790
320	321	0.978835
321	320	0.978835
205	83	0.979228
83	205	0.979228
205	297	0.960304
297	205	0.960304
205	321	0.991497
321	205	0.991497
83	297	0.973037
297	83	0.973037
83	321	0.973352
321	83	0.973352
297	321	0.956942
321	297	0.956942
23	26	0.895828
26	23	0.895828
23	5	0.888811
5	23	0.888811
26	5	0.928387
5	26	0.928387
6	106	0.966290
106	6	0.966290
6	38	0.996339
38	6	0.996339
6	302	0.988139
302	6	0.988139
6	237	0.985130
237	6	0.985130
6	50	0.994801
50	6	0.994801
6	315	0.943065
315	6	0.943065
106	38	0.971515
38	106	0.971515
106	302	0.960441
302	106	0.960441
106	237	0.969019
237	106	0.969019
106	50	0.970702
50	106	0.970702
106	315	0.947138
315	106	0.947138
38	302	0.985857
302	38	0.985857
38	237	0.989192
237	38	0.989192
38	50	0.997548
50	38	0.997548
38	315	0.945814
315	38	0.945814
302	237	0.975908
237	302	0.975908
302	50	0.983857
50	302	0.983857
302	315	0.959658
315	302	0.959658
237	50	0.988701
50	237	0.988701
237	315	0.935574
315	237	0.935574
50	315	0.940002
315	50	0.940002
8	40	0.922498
40	8	0.922498
18	43	0.962455
43	18	0.962455
18	148	0.968863
148	18	0.968863
18	150	0.985380
150	18	0.985380
18	273	0.987681
273	18	0.987681
18	317	0.980617
317	18	0.980617
18	253	0.993682
253	18	0.993682
18	125	0.983243
125	18	0.983243
18	301	0.989657
301	18	0.989657
18	167	0.972337
167	18	0.972337
18	153	0.950710
153	18	0.950710
18	250	0.986696
250	18	0.986696
18	60	0.947881
60	18	0.947881
18	225	0.991154
225	18	0.991154
18	121	0.976532
121	18	0.976532
18	219	0.978184
219	18	0.978184
18	238	0.980617
238	18	0.980617
18	256	0.992843
256	18	0.992843
18	19	0.981330
19	18	0.981330
18	263	0.933986
263	18	0.933986
18	254	0.951386
254	18	0.951386
18	61	0.978184
61	18	0.978184
18	132	0.969643
132	18	0.969643
18	210	0.944158
210	18	0.944158
18	249	0.960993
249	18	0.960993
18	270	0.973587
270	18	0.973587
18	175	0.983243
175	18	0.983243
18	135	0.970409
135	18	0.970409
18	128	0.983843
128	18	0.983843
18	24	0.972977
24	18	0.972977
18	235	0.982033
235	18	0.982033
18	11	0.985233
11	18	0.985233
18	294	0.979471
294	18	0.979471
18	303	1.000000
303	18	1.000000
18	100	0.985396
100	18	0.985396
18	258	0.965837
258	18	0.965837
43	148	0.973278
148	43	0.973278
43	150	0.966348
150	43	0.966348
43	273	0.956607
273	43	0.956607
43	317	0.971818
317	43	0.971818
43	253	0.960929
253	43	0.960929
43	125	0.968111
125	43	0.968111
43	301	0.956325
301	43	0.956325
43	167	0.982847
167	43	0.982847
43	153	0.986006
153	43	0.986006
43	250	0.967046
250	43	0.967046
43	60	0.949115
60	43	0.949115
43	225	0.960625
225	43	0.960625
43	121	0.981701
121	43	0.981701
43	219	0.970767
219	43	0.970767
43	238	0.971818
238	43	0.971818
43	256	0.959713
256	43	0.959713
43	19	0.971802
19	43	0.971802
43	263	0.950671
263	43	0.950671
43	254	0.988329
254	43	0.988329
43	61	0.970767
61	43	0.970767
43	132	0.985475
132	43	0.985475
43	210	0.959813
210	43	0.959813
43	249	0.996142
249	43	0.996142
43	270	0.981749
270	43	0.981749
43	175	0.968111
175	43	0.968111
43	135	0.979041
135	43	0.979041
43	128	0.965022
128	43	0.965022
43	24	0.970752
24	43	0.970752
43	235	0.964917
235	43	0.964917
43	11	0.970702
11	43	0.970702
43	294	0.968362
294	43	0.968362
43	303	0.962455
303	43	0.962455
43	100	0.967606
100	43	0.967606
43	258	0.959826
258	43	0.959826
148	150	0.978132
150	148	0.978132
148	273	0.965586
273	148	0.965586
148	317	0.990212
317	148	0.990212
148	253	0.965298
253	148	0.965298
148	125	0.975293
125	148	0.975293
148	301	0.965203
301	148	0.965203
148	167	0.981020
167	148	0.981020
148	153	0.962717
153	148	0.962717
148	250	0.967729
250	148	0.967729
148	60	0.944754
60	148	0.944754
148	225	0.960277
225	148	0.960277
148	121	0.977263
121	148	0.977263
148	219	0.990924
219	148	0.990924
148	238	0.990212
238	148	0.990212
148	256	0.963994
256	148	0.963994
148	19	0.971648
19	148	0.971648
148	263	0.953609
263	148	0.953609
148	254	0.955944
254	148	0.955944
148	61	0.990924
61	148	0.990924
148	132	0.979773
132	148	0.979773
148	210	0.971487
210	148	0.971487
148	249	0.968919
249	148	0.968919
148	270	0.982091
270	148	0.982091
148	175	0.975293
175	148	0.975293
148	135	0.979722
135	148	0.979722
148	128	0.974218
128	148	0.974218
148	24	0.993858
24	148	0.993858
148	235	0.973898
235	148	0.973898
148	11	0.978280
11	148	0.978280
148	294	0.965589
294	148	0.965589
148	303	0.968863
303	148	0.968863
148	100	0.975053
100	148	0.975053
148	258	0.962190
258	148	0.962190
150	273	0.977879
273	150	0.977879
150	317	0.986485
317	150	0.986485
150	253	0.984108
253	150	0.984108
150	125	0.992925
125	150	0.992925
150	301	0.980422
301	150	0.980422
150	167	0.983236
167	150	0.983236
150	153	0.953782
153	150	0.953782
150	250	0.978905
250	150	0.978905
150	60	0.953923
60	150	0.953923
150	225	0.984640
225	150	0.984640
150	121	0.985164
121	150	0.985164
150	219	0.986873
219	150	0.986873
150	238	0.986485
238	150	0.986485
150	256	0.985001
256	150	0.985001
150	19	0.985796
19	150	0.985796
150	263	0.946147
263	150	0.946147
150	254	0.951304
254	150	0.951304
150	61	0.986873
61	150	0.986873
150	132	0.980540
132	150	0.980540
150	210	0.961786
210	150	0.961786
150	249	0.963080
249	150	0.963080
150	270	0.976749
270	150	0.976749
150	175	0.992925
175	150	0.992925
150	135	0.977298
135	150	0.977298
150	128	0.989807
128	150	0.989807
150	24	0.981792
24	150	0.981792
150	235	0.975273
235	150	0.975273
150	11	0.989934
11	150	0.989934
150	294	0.982432
294	150	0.982432
150	303	0.985380
303	150	0.985380
150	100	0.995790
100	150	0.995790
150	258	0.971627
258	150	0.971627
273	317	0.980209
317	273	0.980209
273	253	0.983953
253	273	0.983953
273	125	0.971336
125	273	0.971336
273	301	0.999325
301	273	0.999325
273	167	0.969615
167	273	0.969615
273	153	0.951760
153	273	0.951760
273	250	0.990799
250	273	0.990799
273	60	0.934301
60	273	0.934301
273	225	0.984918
225	273	0.984918
273	121	0.973804
121	273	0.973804
273	219	0.978400
219	273	0.978400
273	238	0.980209
238	273	0.980209
273	256	0.983028
256	273	0.983028
273	19	0.976449
19	273	0.976449
273	263	0.918470
263	273	0.918470
273	254	0.951413
254	273	0.951413
273	61	0.978400
61	273	0.978400
273	132	0.964429
132	273	0.964429
273	210	0.932474
210	273	0.932474
273	249	0.953675
249	273	0.953675
273	270	0.969436
270	273	0.969436
273	175	0.971336
175	273	0.971336
273	135	0.974580
135	273	0.974580
273	128	0.969469
128	273	0.969469
273	24	0.971347
24	273	0.971347
273	235	0.991876
235	273	0.991876
273	11	0.980301
11	273	0.980301
273	294	0.980079
294	273	0.980079
273	303	0.987681
303	273	0.987681
273	100	0.974692
100	273	0.974692
273	258	0.961409
258	273	0.961409
317	253	0.980345
253	317	0.980345
317	125	0.985359
125	317	0.985359
317	301	0.980197
301	317	0.980197
317	167	0.981177
167	317	0.981177
317	153	0.962152
153	317	0.962152
317	250	0.978595
250	317	0.978595
317	60	0.937039
60	317	0.937039
317	225	0.976192
225	317	0.976192
317	121	0.984846
121	317	0.984846
317	219	0.993873
219	317	0.993873
317	238	1.000000
238	317	1.000000
317	256	0.978697
256	317	0.978697
317	19	0.980857
19	317	0.980857
317	263	0.937965
263	317	0.937965
317	254	0.961781
254	317	0.961781
317	61	0.993873
61	317	0.993873
317	132	0.977857
132	317	0.977857
317	210	0.954929
210	317	0.954929
317	249	0.967703
249	317	0.967703
317	270	0.990087
270	317	0.990087
317	175	0.985359
175	317	0.985359
317	135	0.983043
135	317	0.983043
317	128	0.985656
128	317	0.985656
317	24	0.992519
24	317	0.992519
317	235	0.980859
235	317	0.980859
317	11	0.993049
11	317	0.993049
317	294	0.980327
294	317	0.980327
317	303	0.980617
303	317	0.980617
317	100	0.985460
100	317	0.985460
317	258	0.970751
258	317	0.970751
253	125	0.983531
125	253	0.983531
253	301	0.985652
301	253	0.985652
253	167	0.968087
167	253	0.968087
253	153	0.949837
153	253	0.949837
253	250	0.982373
250	253	0.982373
253	60	0.947215
60	253	0.947215
253	225	0.994506
225	253	0.994506
253	121	0.973284
121	253	0.973284
253	219	0.978073
219	253	0.978073
253	238	0.980345
238	253	0.980345
253	256	0.998509
256	253	0.998509
253	19	0.982180
19	253	0.982180
253	263	0.926363
263	253	0.926363
253	254	0.953078
254	253	0.953078
253	61	0.978073
61	253	0.978073
253	132	0.964784
132	253	0.964784
253	210	0.937123
210	253	0.937123
253	249	0.960271
249	253	0.960271
253	270	0.974776
270	253	0.974776
253	175	0.983531
175	253	0.983531
253	135	0.967882
135	253	0.967882
253	128	0.985541
128	253	0.985541
253	24	0.973292
24	253	0.973292
253	235	0.978649
235	253	0.978649
253	11	0.985667
11	253	0.985667
253	294	0.980657
294	253	0.980657
253	303	0.993682
303	253	0.993682
253	100	0.985150
100	253	0.985150
253	258	0.965793
258	253	0.965793
125	301	0.973671
301	125	0.973671
125	167	0.981869
167	125	0.981869
125	153	0.959267
153	125	0.959267
125	250	0.974127
250	125	0.974127
125	60	0.955461
60	125	0.955461
125	225	0.984641
225	125	0.984641
125	121	0.985497
121	125	0.985497
125	219	0.981333
219	125	0.981333
125	238	0.985359
238	125	0.985359
125	256	0.984898
256	125	0.984898
125	19	0.988853
19	125	0.988853
125	263	0.944771
263	125	0.944771
125	254	0.953120
254	125	0.953120
125	61	0.981333
61	125	0.981333
125	132	0.981701
132	125	0.981701
125	210	0.958066
210	125	0.958066
125	249	0.965870
249	125	0.965870
125	270	0.978245
270	125	0.978245
125	175	1.000000
175	125	1.000000
125	135	0.970624
135	125	0.970624
125	128	0.994915
128	125	0.994915
125	24	0.977208
24	125	0.977208
125	235	0.968986
235	125	0.968986
125	11	0.988469
11	125	0.988469
125	294	0.984681
294	125	0.984681
125	303	0.983243
303	125	0.983243
125	100	0.998738
100	125	0.998738
125	258	0.971374
258	125	0.971374
301	167	0.970241
167	301	0.970241
301	153	0.950932
153	301	0.950932
301	250	0.990937
250	301	0.990937
301	60	0.936391
60	301	0.936391
301	225	0.987365
225	301	0.987365
301	121	0.974139
121	301	0.974139
301	219	0.978658
219	301	0.978658
301	238	0.980197
238	301	0.980197
301	256	0.985312
256	301	0.985312
301	19	0.978435
19	301	0.978435
301	263	0.921004
263	301	0.921004
301	254	0.949261
254	301	0.949261
301	61	0.978658
61	301	0.978658
301	132	0.965243
132	301	0.965243
301	210	0.934885
210	301	0.934885
301	249	0.953347
249	301	0.953347
301	270	0.969603
270	301	0.969603
301	175	0.973671
175	301	0.973671
301	135	0.973165
135	301	0.973165
301	128	0.971169
128	301	0.971169
301	24	0.971107
24	301	0.971107
301	235	0.990119
235	301	0.990119
301	11	0.981112
11	301	0.981112
301	294	0.981524
294	301	0.981524
301	303	0.989657
303	301	0.989657
301	100	0.977405
100	301	0.977405
301	258	0.964265
258	301	0.964265
167	153	0.974039
153	167	0.974039
167	250	0.974833
250	167	0.974833
167	60	0.958774
60	167	0.958774
167	225	0.971424
225	167	0.971424
167	121	0.994312
121	167	0.994312
167	219	0.984669
219	167	0.984669
167	238	0.981177
238	167	0.981177
167	256	0.969190
256	167	0.969190
167	19	0.979678
19	167	0.979678
167	263	0.951222
263	167	0.951222
167	254	0.967864
254	167	0.967864
167	61	0.984669
61	167	0.984669
167	132	0.997597
132	167	0.997597
167	210	0.969959
210	167	0.969959
167	249	0.982194
249	167	0.982194
167	270	0.979827
270	167	0.979827
167	175	0.981869
175	167	0.981869
167	135	0.983025
135	167	0.983025
167	128	0.974765
128	167	0.974765
167	24	0.981139
24	167	0.981139
167	235	0.977063
235	167	0.977063
167	11	0.981710
11	167	0.981710
167	294	0.977544
294	167	0.977544
167	303	0.972337
303	167	0.972337
167	100	0.983464
100	167	0.983464
167	258	0.970442
258	167	0.970442
153	250	0.959798
250	153	0.959798
153	60	0.945927
60	153	0.945927
153	225	0.951351
225	153	0.951351
153	121	0.972821
121	153	0.972821
153	219	0.959459
219	153	0.959459
153	238	0.962152
238	153	0.962152
153	256	0.949739
256	153	0.949739
153	19	0.964143
19	153	0.964143
153	263	0.949013
263	153	0.949013
153	254	0.980280
254	153	0.980280
153	61	0.959459
61	153	0.959459
153	132	0.976914
132	153	0.976914
153	210	0.950023
210	153	0.950023
153	249	0.982168
249	153	0.982168
153	270	0.969681
270	153	0.969681
153	175	0.959267
175	153	0.959267
153	135	0.969090
135	153	0.969090
153	128	0.953930
128	153	0.953930
153	24	0.957300
24	153	0.957300
153	235	0.955834
235	153	0.955834
153	11	0.956874
11	153	0.956874
153	294	0.961667
294	153	0.961667
153	303	0.950710
303	153	0.950710
153	100	0.957445
100	153	0.957445
153	258	0.953771
258	153	0.953771
250	60	0.947536
60	250	0.947536
250	225	0.984743
225	250	0.984743
250	121	0.979377
121	250	0.979377
250	219	0.980336
219	250	0.980336
250	238	0.978595
238	250	0.978595
250	256	0.982003
256	250	0.982003
250	19	0.979695
19	250	0.979695
250	263	0.931889
263	250	0.931889
250	254	0.965390
254	250	0.965390
250	61	0.980336
61	250	0.980336
250	132	0.971210
132	250	0.971210
250	210	0.944898
210	250	0.944898
250	249	0.967433
249	250	0.967433
250	270	0.971274
270	250	0.971274
250	175	0.974127
175	250	0.974127
250	135	0.976238
135	250	0.976238
250	128	0.970329
128	250	0.970329
250	24	0.973680
24	250	0.973680
250	235	0.989926
235	250	0.989926
250	11	0.980996
11	250	0.980996
250	294	0.981657
294	250	0.981657
250	303	0.986696
303	250	0.986696
250	100	0.977026
100	250	0.977026
250	258	0.959578
258	250	0.959578
60	225	0.952031
225	60	0.952031
60	121	0.952458
121	60	0.952458
60	219	0.947912
219	60	0.947912
60	238	0.937039
238	60	0.937039
60	256	0.950059
256	60	0.950059
60	19	0.956550
19	60	0.956550
60	263	0.953919
263	60	0.953919
60	254	0.932282
254	60	0.932282
60	61	0.947912
61	60	0.947912
60	132	0.959218
132	60	0.959218
60	210	0.958673
210	60	0.958673
60	249	0.954854
249	60	0.954854
60	270	0.930829
270	60	0.930829
60	175	0.955461
175	60	0.955461
60	135	0.939421
135	60	0.939421
60	128	0.948330
128	60	0.948330
60	24	0.940757
24	60	0.940757
60	235	0.941628
235	60	0.941628
60	11	0.942139
11	60	0.942139
60	294	0.949283
294	60	0.949283
60	303	0.947881
303	60	0.947881
60	100	0.955866
100	60	0.955866
60	258	0.934025
258	60	0.934025
225	121	0.976084
121	225	0.976084
225	219	0.975286
219	225	0.975286
225	238	0.976192
238	225	0.976192
225	256	0.996654
256	225	0.996654
225	19	0.989207
19	225	0.989207
225	263	0.930286
263	225	0.930286
225	254	0.953332
254	225	0.953332
225	61	0.975286
61	225	0.975286
225	132	0.968615
132	225	0.968615
225	210	0.940277
210	225	0.940277
225	249	0.961785
249	225	0.961785
225	270	0.970545
270	225	0.970545
225	175	0.984641
175	225	0.984641
225	135	0.968046
135	225	0.968046
225	128	0.980841
128	225	0.980841
225	24	0.967083
24	225	0.967083
225	235	0.978748
235	225	0.978748
225	11	0.983362
11	225	0.983362
225	294	0.988428
294	225	0.988428
225	303	0.991154
303	225	0.991154
225	100	0.986720
100	225	0.986720
225	258	0.968220
258	225	0.968220
121	219	0.983679
219	121	0.983679
121	238	0.984846
238	121	0.984846
121	256	0.973415
256	121	0.973415
121	19	0.982578
19	121	0.982578
121	263	0.945602
263	121	0.945602
121	254	0.973143
254	121	0.973143
121	61	0.983679
61	121	0.983679
121	132	0.993057
132	121	0.993057
121	210	0.960801
210	121	0.960801
121	249	0.981398
249	121	0.981398
121	270	0.983558
270	121	0.983558
121	175	0.985497
175	121	0.985497
121	135	0.985346
135	121	0.985346
121	128	0.980444
128	121	0.980444
121	24	0.979974
24	121	0.979974
121	235	0.978403
235	121	0.978403
121	11	0.987419
11	121	0.987419
121	294	0.983444
294	121	0.983444
121	303	0.976532
303	121	0.976532
121	100	0.986092
100	121	0.986092
121	258	0.972858
258	121	0.972858
219	238	0.993873
238	219	0.993873
219	256	0.977183
256	219	0.977183
219	19	0.979695
19	219	0.979695
219	263	0.943740
263	219	0.943740
219	254	0.957105
254	219	0.957105
219	61	1.000000
61	219	1.000000
219	132	0.980255
132	219	0.980255
219	210	0.964761
210	219	0.964761
219	249	0.968651
249	219	0.968651
219	270	0.984080
270	219	0.984080
219	175	0.981333
175	219	0.981333
219	135	0.982807
135	219	0.982807
219	128	0.979033
128	219	0.979033
219	24	0.996386
24	219	0.996386
219	235	0.983023
235	219	0.983023
219	11	0.989462
11	219	0.989462
219	294	0.978432
294	219	0.978432
219	303	0.978184
303	219	0.978184
219	100	0.983722
100	219	0.983722
219	258	0.969936
258	219	0.969936
238	256	0.978697
256	238	0.978697
238	19	0.980857
19	238	0.980857
238	263	0.937965
263	238	0.937965
238	254	0.961781
254	238	0.961781
238	61	0.993873
61	238	0.993873
238	132	0.977857
132	238	0.977857
238	210	0.954929
210	238	0.954929
238	249	0.967703
249	238	0.967703
238	270	0.990087
270	238	0.990087
238	175	0.985359
175	238	0.985359
238	135	0.983043
135	238	0.983043
238	128	0.985656
128	238	0.985656
238	24	0.992519
24	238	0.992519
238	235	0.980859
235	238	0.980859
238	11	0.993049
11	238	0.993049
238	294	0.980327
294	238	0.980327
238	303	0.980617
303	238	0.980617
238	100	0.985460
100	238	0.985460
238	258	0.970751
258	238	0.970751
256	19	0.985003
19	256	0.985003
256	263	0.930208
263	256	0.930208
256	254	0.951015
254	256	0.951015
256	61	0.977183
61	256	0.977183
256	132	0.966136
132	256	0.966136
256	210	0.940420
210	256	0.940420
256	249	0.959289
249	256	0.959289
256	270	0.972777
270	256	0.972777
256	175	0.984898
175	256	0.984898
256	135	0.966644
135	256	0.966644
256	128	0.984854
128	256	0.984854
256	24	0.970705
24	256	0.970705
256	235	0.976747
235	256	0.976747
256	11	0.984139
11	256	0.984139
256	294	0.982725
294	256	0.982725
256	303	0.992843
303	256	0.992843
256	100	0.986459
100	256	0.986459
256	258	0.966564
258	256	0.966564
19	263	0.942501
263	19	0.942501
19	254	0.961182
254	19	0.961182
19	61	0.979695
61	19	0.979695
19	132	0.979939
132	19	0.979939
19	210	0.956121
210	19	0.956121
19	249	0.972513
249	19	0.972513
19	270	0.976963
270	19	0.976963
19	175	0.988853
175	19	0.988853
19	135	0.974104
135	19	0.974104
19	128	0.981018
128	19	0.981018
19	24	0.973190
24	19	0.973190
19	235	0.973983
235	19	0.973983
19	11	0.982888
11	19	0.982888
19	294	0.996678
294	19	0.996678
19	303	0.981330
303	19	0.981330
19	100	0.989453
100	19	0.989453
19	258	0.973346
258	19	0.973346
263	254	0.930907
254	263	0.930907
263	61	0.943740
61	263	0.943740
263	132	0.955972
132	263	0.955972
263	210	0.982594
210	263	0.982594
263	249	0.948291
249	263	0.948291
263	270	0.938468
270	263	0.938468
263	175	0.944771
175	263	0.944771
263	135	0.940254
135	263	0.940254
263	128	0.938091
128	263	0.938091
263	24	0.940741
24	263	0.940741
263	235	0.922482
235	263	0.922482
263	11	0.934940
11	263	0.934940
263	294	0.928690
294	263	0.928690
263	303	0.933986
303	263	0.933986
263	100	0.945167
100	263	0.945167
263	258	0.932286
258	263	0.932286
254	61	0.957105
61	254	0.957105
254	132	0.969400
132	254	0.969400
254	210	0.935644
210	254	0.935644
254	249	0.987994
249	254	0.987994
254	270	0.973616
270	254	0.973616
254	175	0.953120
175	254	0.953120
254	135	0.975071
135	254	0.975071
254	128	0.950992
128	254	0.950992
254	24	0.956019
24	254	0.956019
254	235	0.960026
235	254	0.960026
254	11	0.961964
11	254	0.961964
254	294	0.961331
294	254	0.961331
254	303	0.951386
303	254	0.951386
254	100	0.951825
100	254	0.951825
254	258	0.945486
258	254	0.945486
61	132	0.980255
132	61	0.980255
61	210	0.964761
210	61	0.964761
61	249	0.968651
249	61	0.968651
61	270	0.984080
270	61	0.984080
61	175	0.981333
175	61	0.981333
61	135	0.982807
135	61	0.982807
61	128	0.979033
128	61	0.979033
61	24	0.996386
24	61	0.996386
61	235	0.983023
235	61	0.983023
61	11	0.989462
11	61	0.989462
61	294	0.978432
294	61	0.978432
61	303	0.978184
303	61	0.978184
61	100	0.983722
100	61	0.983722
61	258	0.969936
258	61	0.969936
132	210	0.972402
210	132	0.972402
132	249	0.985116
249	132	0.985116
132	270	0.978113
270	132	0.978113
132	175	0.981701
175	132	0.981701
132	135	0.981083
135	132	0.981083
132	128	0.973401
128	132	0.973401
132	24	0.977276
24	132	0.977276
132	235	0.971967
235	132	0.971967
132	11	0.977341
11	132	0.977341
132	294	0.975919
294	132	0.975919
132	303	0.969643
303	132	0.969643
132	100	0.982208
100	132	0.982208
132	258	0.967207
258	132	0.967207
210	249	0.956679
249	210	0.956679
210	270	0.952777
270	210	0.952777
210	175	0.958066
175	210	0.958066
210	135	0.955379
135	210	0.955379
210	128	0.948306
128	210	0.948306
210	24	0.962254
24	210	0.962254
210	235	0.942026
235	210	0.942026
210	11	0.950348
11	210	0.950348
210	294	0.943466
294	210	0.943466
210	303	0.944158
303	210	0.944158
210	100	0.960421
100	210	0.960421
210	258	0.949104
258	210	0.949104
249	270	0.977093
270	249	0.977093
249	175	0.965870
175	249	0.965870
249	135	0.976879
135	249	0.976879
249	128	0.961910
128	249	0.961910
249	24	0.967822
24	249	0.967822
249	235	0.964381
235	249	0.964381
249	11	0.969111
11	249	0.969111
249	294	0.968835
294	249	0.968835
249	303	0.960993
303	249	0.960993
249	100	0.965300
100	249	0.965300
249	258	0.955703
258	249	0.955703
270	175	0.978245
175	270	0.978245
270	135	0.980303
135	270	0.980303
270	128	0.978815
128	270	0.978815
270	24	0.985121
24	270	0.985121
270	235	0.971902
235	270	0.971902
270	11	0.986532
11	270	0.986532
270	294	0.975106
294	270	0.975106
270	303	0.973587
303	270	0.973587
270	100	0.978600
100	270	0.978600
270	258	0.978474
258	270	0.978474
175	135	0.970624
135	175	0.970624
175	128	0.994915
128	175	0.994915
175	24	0.977208
24	175	0.977208
175	235	0.968986
235	175	0.968986
175	11	0.988469
11	175	0.988469
175	294	0.984681
294	175	0.984681
175	303	0.983243
303	175	0.983243
175	100	0.998738
100	175	0.998738
175	258	0.971374
258	175	0.971374
135	128	0.966284
128	135	0.966284
135	24	0.980978
24	135	0.980978
135	235	0.982316
235	135	0.982316
135	11	0.981944
11	135	0.981944
135	294	0.972715
294	135	0.972715
135	303	0.970409
303	135	0.970409
135	100	0.971758
100	135	0.971758
135	258	0.964611
258	135	0.964611
128	24	0.976643
24	128	0.976643
128	235	0.965701
235	128	0.965701
128	11	0.988390
11	128	0.988390
128	294	0.977769
294	128	0.977769
128	303	0.983843
303	128	0.983843
128	100	0.993445
100	128	0.993445
128	258	0.966811
258	128	0.966811
24	235	0.979897
235	24	0.979897
24	11	0.986408
11	24	0.986408
24	294	0.970283
294	24	0.970283
24	303	0.972977
303	24	0.972977
24	100	0.978756
100	24	0.978756
24	258	0.966056
258	24	0.966056
235	11	0.979644
11	235	0.979644
235	294	0.976364
294	235	0.976364
235	303	0.982033
303	235	0.982033
235	100	0.971565
100	235	0.971565
235	258	0.958752
258	235	0.958752
11	294	0.983264
294	11	0.983264
11	303	0.985233
303	11	0.985233
11	100	0.990280
100	11	0.990280
11	258	0.971725
258	11	0.971725
294	303	0.979471
303	294	0.979471
294	100	0.985451
100	294	0.985451
294	258	0.972090
258	294	0.972090
303	100	0.985396
100	303	0.985396
303	258	0.965837
258	303	0.965837
100	258	0.973827
258	100	0.973827
228	108	0.997581
108	228	0.997581
228	259	0.964088
259	228	0.964088
228	22	0.975091
22	228	0.975091
228	12	0.995534
12	228	0.995534
108	259	0.965673
259	108	0.965673
108	22	0.977491
22	108	0.977491
108	12	0.995409
12	108	0.995409
259	22	0.974325
22	259	0.974325
259	12	0.971077
12	259	0.971077
22	12	0.974048
12	22	0.974048
33	13	0.912611
13	33	0.912611
84	15	0.900812
15	84	0.900812
84	25	0.898112
25	84	0.898112
84	28	0.900812
28	84	0.900812
15	25	0.939068
25	15	0.939068
15	28	1.000000
28	15	1.000000
25	28	0.939068
28	25	0.939068
208	111	0.860270
111	208	0.860270
208	212	0.884080
212	208	0.884080
208	20	0.892121
20	208	0.892121
208	133	0.866623
133	208	0.866623
208	310	0.856305
310	208	0.856305
208	142	0.875922
142	208	0.875922
208	113	0.970762
113	208	0.970762
208	280	0.967507
280	208	0.967507
208	131	0.869497
131	208	0.869497
208	52	0.901726
52	208	0.901726
208	274	0.867329
274	208	0.867329
208	185	0.854298
185	208	0.854298
208	209	0.858248
209	208	0.858248
208	323	0.886545
323	208	0.886545
111	212	0.922703
212	111	0.922703
111	20	0.919769
20	111	0.919769
111	133	0.904564
133	111	0.904564
111	310	0.996815
310	111	0.996815
111	142	0.934667
142	111	0.934667
111	113	0.914424
113	111	0.914424
111	280	0.921458
280	111	0.921458
111	131	0.928544
131	111	0.928544
111	52	0.933161
52	111	0.933161
111	274	0.913146
274	111	0.913146
111	185	0.919194
185	111	0.919194
111	209	0.906462
209	111	0.906462
111	323	0.917278
323	111	0.917278
212	20	0.998074
20	212	0.998074
212	133	0.951349
133	212	0.951349
212	310	0.915911
310	212	0.915911
212	142	0.966789
142	212	0.966789
212	113	0.913323
113	212	0.913323
212	280	0.917548
280	212	0.917548
212	131	0.932430
131	212	0.932430
212	52	0.908573
52	212	0.908573
212	274	0.961885
274	212	0.961885
212	185	0.977846
185	212	0.977846
212	209	0.987749
209	212	0.987749
212	323	0.997639
323	212	0.997639
20	133	0.948293
133	20	0.948293
20	310	0.912952
310	20	0.912952
20	142	0.965093
142	20	0.965093
20	113	0.919121
113	20	0.919121
20	280	0.922965
280	20	0.922965
20	131	0.930677
131	20	0.930677
20	52	0.908930
52	20	0.908930
20	274	0.960886
274	20	0.960886
20	185	0.974098
185	20	0.974098
20	209	0.984399
209	20	0.984399
20	323	0.998843
323	20	0.998843
133	310	0.897953
310	133	0.897953
133	142	0.946314
142	133	0.946314
133	113	0.900527
113	133	0.900527
133	280	0.902111
280	133	0.902111
133	131	0.916057
131	133	0.916057
133	52	0.910328
52	133	0.910328
133	274	0.943972
274	133	0.943972
133	185	0.945919
185	133	0.945919
133	209	0.952411
209	133	0.952411
133	323	0.949586
323	133	0.949586
310	142	0.930971
142	310	0.930971
310	113	0.911791
113	310	0.911791
310	280	0.919293
280	310	0.919293
310	131	0.930572
131	310	0.930572
310	52	0.931718
52	310	0.931718
310	274	0.908898
274	310	0.908898
310	185	0.912549
185	310	0.912549
310	209	0.899066
209	310	0.899066
310	323	0.910474
323	310	0.910474
142	113	0.909354
113	142	0.909354
142	280	0.914759
280	142	0.914759
142	131	0.948873
131	142	0.948873
142	52	0.901163
52	142	0.901163
142	274	0.950183
274	142	0.950183
142	185	0.954430
185	142	0.954430
142	209	0.957400
209	142	0.957400
142	323	0.963924
323	142	0.963924
113	280	0.997477
280	113	0.997477
113	131	0.905106
131	113	0.905106
113	52	0.942081
52	113	0.942081
113	274	0.911269
274	113	0.911269
113	185	0.896252
185	113	0.896252
113	209	0.891037
209	113	0.891037
113	323	0.914685
323	113	0.914685
280	131	0.912019
131	280	0.912019
280	52	0.946926
52	280	0.946926
280	274	0.912318
274	280	0.912318
280	185	0.901516
185	280	0.901516
280	209	0.894715
209	280	0.894715
280	323	0.918088
323	280	0.918088
131	52	0.913490
52	131	0.913490
131	274	0.930218
274	131	0.930218
131	185	0.922976
185	131	0.922976
131	209	0.907979
209	131	0.907979
131	323	0.928148
323	131	0.928148
52	274	0.907950
274	52	0.907950
52	185	0.913140
185	52	0.913140
52	209	0.891948
209	52	0.891948
52	323	0.906474
323	52	0.906474
274	185	0.949407
185	274	0.949407
274	209	0.959131
209	274	0.959131
274	323	0.960648
323	274	0.960648
185	209	0.971119
209	185	0.971119
185	323	0.975161
323	185	0.975161
209	323	0.985271
323	209	0.985271
186	312	0.935993
312	186	0.935993
186	248	0.934423
248	186	0.934423
186	151	0.948508
151	186	0.948508
186	49	0.949605
49	186	0.949605
186	86	0.932617
86	186	0.932617
186	171	0.952890
171	186	0.952890
186	239	0.942432
239	186	0.942432
186	27	0.924473
27	186	0.924473
312	248	0.956871
248	312	0.956871
312	151	0.943769
151	312	0.943769
312	49	0.928746
49	312	0.928746
312	86	0.949475
86	312	0.949475
312	171	0.975214
171	312	0.975214
312	239	0.929448
239	312	0.929448
312	27	0.945979
27	312	0.945979
248	151	0.928521
151	248	0.928521
248	49	0.946252
49	248	0.946252
248	86	0.907505
86	248	0.907505
248	171	0.942591
171	248	0.942591
248	239	0.938929
239	248	0.938929
248	27	0.909572
27	248	0.909572
151	49	0.945012
49	151	0.945012
151	86	0.933728
86	151	0.933728
151	171	0.936896
171	151	0.936896
151	239	0.949309
239	151	0.949309
151	27	0.911293
27	151	0.911293
49	86	0.887226
86	49	0.887226
49	171	0.919232
171	49	0.919232
49	239	0.995669
239	49	0.995669
49	27	0.880615
27	49	0.880615
86	171	0.964317
171	86	0.964317
86	239	0.890264
239	86	0.890264
86	27	0.983307
27	86	0.983307
171	239	0.918786
239	171	0.918786
171	27	0.969906
27	171	0.969906
239	27	0.883278
27	239	0.883278
70	283	0.965938
283	70	0.965938
70	55	0.977674
55	70	0.977674
70	311	0.992416
311	70	0.992416
70	104	0.960656
104	70	0.960656
70	268	0.980720
268	70	0.980720
70	261	0.992197
261	70	0.992197
70	220	0.982182
220	70	0.982182
70	289	0.981794
289	70	0.981794
70	154	0.965938
154	70	0.965938
70	291	0.984361
291	70	0.984361
70	30	0.984361
30	70	0.984361
70	117	0.993696
117	70	0.993696
283	55	0.956989
55	283	0.956989
283	311	0.961083
311	283	0.961083
283	104	0.952575
104	283	0.952575
283	268	0.963857
268	283	0.963857
283	261	0.963764
261	283	0.963764
283	220	0.964369
220	283	0.964369
283	289	0.951976
289	283	0.951976
283	154	1.000000
154	283	1.000000
283	291	0.963122
291	283	0.963122
283	30	0.963122
30	283	0.963122
283	117	0.961848
117	283	0.961848
55	311	0.972152
311	55	0.972152
55	104	0.973078
104	55	0.973078
55	268	0.972479
268	55	0.972479
55	261	0.977623
261	55	0.977623
55	220	0.964832
220	55	0.964832
55	289	0.957713
289	55	0.957713
55	154	0.956989
154	55	0.956989
55	291	0.974624
291	55	0.974624
55	30	0.974624
30	55	0.974624
55	117	0.975379
117	55	0.975379
311	104	0.962277
104	311	0.962277
311	268	0.975011
268	311	0.975011
311	261	0.996021
261	311	0.996021
311	220	0.975173
220	311	0.975173
311	289	0.976498
289	311	0.976498
311	154	0.961083
154	311	0.961083
311	291	0.989698
291	311	0.989698
311	30	0.989698
30	311	0.989698
311	117	0.996053
117	311	0.996053
104	268	0.971341
268	104	0.971341
104	261	0.966676
261	104	0.966676
104	220	0.963868
220	104	0.963868
104	289	0.951448
289	104	0.951448
104	154	0.952575
154	104	0.952575
104	291	0.969840
291	104	0.969840
104	30	0.969840
30	104	0.969840
104	117	0.964373
117	104	0.964373
268	261	0.978046
261	268	0.978046
268	220	0.992400
220	268	0.992400
268	289	0.965801
289	268	0.965801
268	154	0.963857
154	268	0.963857
268	291	0.977540
291	268	0.977540
268	30	0.977540
30	268	0.977540
268	117	0.979265
117	268	0.979265
261	220	0.975732
220	261	0.975732
261	289	0.979742
289	261	0.979742
261	154	0.963764
154	261	0.963764
261	291	0.991757
291	261	0.991757
261	30	0.991757
30	261	0.991757
261	117	0.995876
117	261	0.995876
220	289	0.961030
289	220	0.961030
220	154	0.964369
154	220	0.964369
220	291	0.974670
291	220	0.974670
220	30	0.974670
30	220	0.974670
220	117	0.980015
117	220	0.980015
289	154	0.951976
154	289	0.951976
289	291	0.967811
291	289	0.967811
289	30	0.967811
30	289	0.967811
289	117	0.975232
117	289	0.975232
154	291	0.963122
291	154	0.963122
154	30	0.963122
30	154	0.963122
154	117	0.961848
117	154	0.961848
291	30	1.000000
30	291	1.000000
291	117	0.993529
117	291	0.993529
30	117	0.993529
117	30	0.993529
199	82	0.903804
82	199	0.903804
199	32	0.884569
32	199	0.884569
199	308	0.894270
308	199	0.894270
199	285	0.909378
285	199	0.909378
199	42	0.909181
42	199	0.909181
199	295	0.933920
295	199	0.933920
199	218	0.925250
218	199	0.925250
82	308	0.858037
308	82	0.858037
82	285	0.864338
285	82	0.864338
82	42	0.879601
42	82	0.879601
82	295	0.907032
295	82	0.907032
82	218	0.891436
218	82	0.891436
32	308	0.945389
308	32	0.945389
32	285	0.951639
285	32	0.951639
32	42	0.934209
42	32	0.934209
32	295	0.920637
295	32	0.920637
32	218	0.864981
218	32	0.864981
308	285	0.977574
285	308	0.977574
308	42	0.948813
42	308	0.948813
308	295	0.923326
295	308	0.923326
308	218	0.880788
218	308	0.880788
285	42	0.959272
42	285	0.959272
285	295	0.954431
295	285	0.954431
285	218	0.904139
218	285	0.904139
42	295	0.937308
295	42	0.937308
42	218	0.905976
218	42	0.905976
295	218	0.918921
218	295	0.918921
34	305	0.907555
305	34	0.907555
34	141	0.907971
141	34	0.907971
34	181	0.896688
181	34	0.896688
34	122	0.986857
122	34	0.986857
34	152	0.936845
152	34	0.936845
34	313	0.902879
313	34	0.902879
305	141	0.988161
141	305	0.988161
305	181	0.964570
181	305	0.964570
305	122	0.907021
122	305	0.907021
305	189	0.974689
189	305	0.974689
305	152	0.908787
152	305	0.908787
305	313	0.995654
313	305	0.995654
141	181	0.959416
181	141	0.959416
141	122	0.904802
122	141	0.904802
141	189	0.964743
189	141	0.964743
141	152	0.903769
152	141	0.903769
141	313	0.985127
313	141	0.985127
181	122	0.901861
122	181	0.901861
181	189	0.930870
189	181	0.930870
181	152	0.897456
152	181	0.897456
181	313	0.966194
313	181	0.966194
122	152	0.945312
152	122	0.945312
122	313	0.904637
313	122	0.904637
189	152	0.855206
152	189	0.855206
189	313	0.972387
313	189	0.972387
152	313	0.910751
313	152	0.910751
39	116	0.973298
116	39	0.973298
39	244	0.993470
244	39	0.993470
116	244	0.974081
244	116	0.974081
174	41	0.855663
41	174	0.855663
206	45	0.971933
45	206	0.971933
206	91	0.949554
91	206	0.949554
45	91	0.988467
91	45	0.988467
123	46	0.888815
46	123	0.888815
264	230	0.946212
230	264	0.946212
264	296	0.928148
296	264	0.928148
264	170	0.933927
170	264	0.933927
264	309	0.942605
309	264	0.942605
264	54	0.933311
54	264	0.933311
264	74	0.993194
74	264	0.993194
264	293	0.919718
293	264	0.919718
264	47	0.933311
47	264	0.933311
264	168	0.940475
168	264	0.940475
264	88	0.950823
88	264	0.950823
230	296	0.919765
296	230	0.919765
230	170	0.922336
170	230	0.922336
230	309	0.931210
309	230	0.931210
230	54	0.924060
54	230	0.924060
230	74	0.939914
74	230	0.939914
230	293	0.918764
293	230	0.918764
230	47	0.924060
47	230	0.924060
230	168	0.929112
168	230	0.929112
230	88	0.932354
88	230	0.932354
296	170	0.981769
170	296	0.981769
296	309	0.946701
309	296	0.946701
296	54	0.977912
54	296	0.977912
296	74	0.924007
74	296	0.924007
296	293	0.973349
293	296	0.973349
296	47	0.977912
47	296	0.977912
296	168	0.983021
168	296	0.983021
296	88	0.958159
88	296	0.958159
170	309	0.959061
309	170	0.959061
170	54	0.998194
54	170	0.998194
170	74	0.934234
74	170	0.934234
170	293	0.993562
293	170	0.993562
170	47	0.998194
47	170	0.998194
170	168	0.995798
168	170	0.995798
170	88	0.970868
88	170	0.970868
309	54	0.956125
54	309	0.956125
309	74	0.937206
74	309	0.937206
309	293	0.943072
293	309	0.943072
309	47	0.956125
47	309	0.956125
309	168	0.965593
168	309	0.965593
309	88	0.989201
88	309	0.989201
54	74	0.933547
74	54	0.933547
54	293	0.994663
293	54	0.994663
54	47	1.000000
47	54	1.000000
54	168	0.992182
168	54	0.992182
54	88	0.969555
88	54	0.969555
74	293	0.921940
293	74	0.921940
74	47	0.933547
47	74	0.933547
74	168	0.939526
168	74	0.939526
74	88	0.947388
88	74	0.947388
293	47	0.994663
47	293	0.994663
293	168	0.985587
168	293	0.985587
293	88	0.958627
88	293	0.958627
47	168	0.992182
168	47	0.992182
47	88	0.969555
88	47	0.969555
168	88	0.974539
88	168	0.974539
51	63	0.923742
63	51	0.923742
51	118	0.866703
118	51	0.866703
51	143	0.936375
143	51	0.936375
51	180	0.863438
180	51	0.863438
63	118	0.933663
118	63	0.933663
63	143	0.936716
143	63	0.936716
63	180	0.943635
180	63	0.943635
118	143	0.926950
143	118	0.926950
118	180	0.973880
180	118	0.973880
143	180	0.920055
180	143	0.920055
322	69	0.987450
69	322	0.987450
322	110	0.997844
110	322	0.997844
322	194	0.994865
194	322	0.994865
322	227	0.985225
227	322	0.985225
322	53	0.962322
53	322	0.962322
322	129	0.974142
129	322	0.974142
322	136	0.990288
136	322	0.990288
322	202	0.993325
202	322	0.993325
322	316	0.959257
316	322	0.959257
322	257	0.998297
257	322	0.998297
322	269	0.991390
269	322	0.991390
322	288	0.990288
288	322	0.990288
322	149	0.996751
149	322	0.996751
322	222	0.982667
222	322	0.982667
322	59	0.979732
59	322	0.979732
69	110	0.985260
110	69	0.985260
69	194	0.986153
194	69	0.986153
69	227	0.979276
227	69	0.979276
69	53	0.954116
53	69	0.954116
69	129	0.984210
129	69	0.984210
69	136	0.994195
136	69	0.994195
69	202	0.988202
202	69	0.988202
69	316	0.968949
316	69	0.968949
69	257	0.990990
257	69	0.990990
69	269	0.985499
269	69	0.985499
69	288	0.994195
288	69	0.994195
69	149	0.990979
149	69	0.990979
69	222	0.992363
222	69	0.992363
69	59	0.981641
59	69	0.981641
110	194	0.994415
194	110	0.994415
110	227	0.985820
227	110	0.985820
110	53	0.961213
53	110	0.961213
110	129	0.971736
129	110	0.971736
110	136	0.988747
136	110	0.988747
110	202	0.991936
202	110	0.991936
110	316	0.960909
316	110	0.960909
110	257	0.995862
257	110	0.995862
110	269	0.992266
269	110	0.992266
110	288	0.988747
288	110	0.988747
110	149	0.994929
149	110	0.994929
110	222	0.983919
222	110	0.983919
110	59	0.978968
59	110	0.978968
194	227	0.989414
227	194	0.989414
194	53	0.967757
53	194	0.967757
