0	136	0.949554
136	0	0.949554
172	165	0.965093
165	172	0.965093
172	224	0.892121
224	172	0.892121
172	211	0.998074
211	172	0.998074
172	227	0.974098
227	172	0.974098
172	252	0.922966
252	172	0.922966
172	85	0.908930
85	172	0.908930
172	195	0.930677
195	172	0.930677
172	266	0.948293
266	172	0.948293
172	191	0.919121
191	172	0.919121
172	267	0.960886
267	172	0.960886
172	131	0.984399
131	172	0.984399
172	18	0.966019
18	172	0.966019
172	299	0.919769
299	172	0.919769
172	236	0.985187
236	172	0.985187
172	1	0.970983
1	172	0.970983
172	68	0.912952
68	172	0.912952
172	184	0.966019
184	172	0.966019
165	224	0.875922
224	165	0.875922
165	211	0.966789
211	165	0.966789
165	227	0.954430
227	165	0.954430
165	252	0.914759
252	165	0.914759
165	85	0.901163
85	165	0.901163
165	195	0.948873
195	165	0.948873
165	266	0.946314
266	165	0.946314
165	191	0.909354
191	165	0.909354
165	267	0.950183
267	165	0.950183
165	131	0.957400
131	165	0.957400
165	18	0.974579
18	165	0.974579
165	299	0.934667
299	165	0.934667
165	236	0.966492
236	165	0.966492
165	1	0.967016
1	165	0.967016
165	68	0.930971
68	165	0.930971
165	184	0.974579
184	165	0.974579
224	211	0.884080
211	224	0.884080
224	227	0.854299
227	224	0.854299
224	252	0.967507
252	224	0.967507
224	85	0.901726
85	224	0.901726
224	195	0.869498
195	224	0.869498
224	266	0.866623
266	224	0.866623
224	191	0.970762
191	224	0.970762
224	267	0.867329
267	224	0.867329
224	131	0.858248
131	224	0.858248
224	18	0.859717
18	224	0.859717
224	299	0.860270
299	224	0.860270
224	236	0.921504
236	224	0.921504
224	1	0.863305
1	224	0.863305
224	68	0.856305
68	224	0.856305
224	184	0.859717
184	224	0.859717
211	227	0.977846
227	211	0.977846
211	252	0.917548
252	211	0.917548
211	85	0.908573
85	211	0.908573
211	195	0.932430
195	211	0.932430
211	266	0.951349
266	211	0.951349
211	191	0.913323
191	211	0.913323
211	267	0.961885
267	211	0.961885
211	131	0.987749
131	211	0.987749
211	18	0.969390
18	211	0.969390
211	299	0.922703
299	211	0.922703
211	236	0.980941
236	211	0.980941
211	1	0.971734
1	211	0.971734
211	68	0.915910
68	211	0.915910
211	184	0.969390
184	211	0.969390
227	252	0.901516
252	227	0.901516
227	85	0.913140
85	227	0.913140
227	195	0.922976
195	227	0.922976
227	266	0.945919
266	227	0.945919
227	191	0.896253
191	227	0.896253
227	267	0.949407
267	227	0.949407
227	131	0.971119
131	227	0.971119
227	18	0.974183
18	227	0.974183
227	299	0.919193
299	227	0.919193
227	236	0.950442
236	227	0.950442
227	1	0.961524
1	227	0.961524
227	68	0.912549
68	227	0.912549
227	184	0.974183
184	227	0.974183
252	85	0.946926
85	252	0.946926
252	195	0.912019
195	252	0.912019
252	266	0.902111
266	252	0.902111
252	191	0.997477
191	252	0.997477
252	267	0.912318
267	252	0.912318
252	131	0.894715
131	252	0.894715
252	18	0.909269
18	252	0.909269
252	299	0.921458
299	252	0.921458
252	236	0.942960
236	252	0.942960
252	1	0.910843
1	252	0.910843
252	68	0.919293
68	252	0.919293
252	184	0.909269
184	252	0.909269
85	195	0.913490
195	85	0.913490
85	266	0.910328
266	85	0.910328
85	191	0.942081
191	85	0.942081
85	267	0.907950
267	85	0.907950
85	131	0.891948
131	85	0.891948
85	18	0.910410
18	85	0.910410
85	299	0.933161
299	85	0.933161
85	236	0.909816
236	85	0.909816
85	1	0.909466
1	85	0.909466
85	68	0.931718
68	85	0.931718
85	184	0.910410
184	85	0.910410
195	266	0.916056
266	195	0.916056
195	191	0.905106
191	195	0.905106
195	267	0.930218
267	195	0.930218
195	131	0.907979
131	195	0.907979
195	18	0.946158
18	195	0.946158
195	299	0.928544
299	195	0.928544
195	236	0.930792
236	195	0.930792
195	1	0.937845
1	195	0.937845
195	68	0.930572
68	195	0.930572
195	184	0.946158
184	195	0.946158
266	191	0.900527
191	266	0.900527
266	267	0.943972
267	266	0.943972
266	131	0.952411
131	266	0.952411
266	18	0.949232
18	266	0.949232
266	299	0.904564
299	266	0.904564
266	236	0.936693
236	266	0.936693
266	1	0.938262
1	266	0.938262
266	68	0.897953
68	266	0.897953
266	184	0.949232
184	266	0.949232
191	267	0.911270
267	191	0.911270
191	131	0.891037
131	191	0.891037
191	18	0.902744
18	191	0.902744
191	299	0.914424
299	191	0.914424
191	236	0.939230
236	191	0.939230
191	1	0.904633
1	191	0.904633
191	68	0.911791
68	191	0.911791
191	184	0.902744
184	191	0.902744
267	131	0.959130
131	267	0.959130
267	18	0.953859
18	267	0.953859
267	299	0.913146
299	267	0.913146
267	236	0.952279
236	267	0.952279
267	1	0.964405
1	267	0.964405
267	68	0.908898
68	267	0.908898
267	184	0.953859
184	267	0.953859
131	18	0.955331
18	131	0.955331
131	299	0.906462
299	131	0.906462
131	236	0.962532
236	131	0.962532
131	1	0.957887
1	131	0.957887
131	68	0.899066
68	131	0.899066
131	184	0.955331
184	131	0.955331
18	299	0.925493
299	18	0.925493
18	236	0.960506
236	18	0.960506
18	1	0.974645
1	18	0.974645
18	68	0.922931
68	18	0.922931
18	184	1.000000
184	18	1.000000
299	236	0.916498
236	299	0.916498
299	1	0.932606
1	299	0.932606
299	68	0.996815
68	299	0.996815
299	184	0.925493
184	299	0.925493
236	1	0.960760
1	236	0.960760
236	68	0.910280
68	236	0.910280
236	184	0.960506
184	236	0.960506
1	68	0.931524
68	1	0.931524
1	184	0.974645
184	1	0.974645
68	184	0.922931
184	68	0.922931
36	190	0.982564
190	36	0.982564
36	286	0.932130
286	36	0.932130
36	42	0.984282
42	36	0.984282
36	295	0.980524
295	36	0.980524
36	2	0.943247
2	36	0.943247
36	273	0.982697
273	36	0.982697
36	194	0.968157
194	36	0.968157
36	302	0.990915
302	36	0.990915
36	249	0.988392
249	36	0.988392
36	25	0.959450
25	36	0.959450
36	178	0.980555
178	36	0.980555
36	230	0.982411
230	36	0.982411
36	119	0.989062
119	36	0.989062
36	309	0.982042
309	36	0.982042
36	213	0.986539
213	36	0.986539
190	286	0.932657
286	190	0.932657
190	42	0.975558
42	190	0.975558
190	295	0.971651
295	190	0.971651
190	2	0.961263
2	190	0.961263
190	273	0.988594
273	190	0.988594
190	194	0.977119
194	190	0.977119
190	302	0.991390
302	190	0.991390
190	249	0.983551
249	190	0.983551
190	25	0.963445
25	190	0.963445
190	178	0.980657
178	190	0.980657
190	230	0.985924
230	190	0.985924
190	119	0.975630
119	190	0.975630
190	309	0.976676
309	190	0.976676
190	213	0.991393
213	190	0.991393
286	42	0.931310
42	286	0.931310
286	295	0.924601
295	286	0.924601
286	2	0.957956
2	286	0.957956
286	273	0.941191
273	286	0.941191
286	194	0.938850
194	286	0.938850
286	302	0.942773
302	286	0.942773
286	249	0.936936
249	286	0.936936
286	25	0.952864
25	286	0.952864
286	178	0.932304
178	286	0.932304
286	230	0.936188
230	286	0.936188
286	119	0.920349
119	286	0.920349
286	309	0.927904
309	286	0.927904
286	213	0.943149
213	286	0.943149
42	295	0.985520
295	42	0.985520
42	2	0.946691
2	42	0.946691
42	273	0.978918
273	42	0.978918
42	194	0.952082
194	42	0.952082
42	302	0.975353
302	42	0.975353
42	249	0.975982
249	42	0.975982
42	25	0.962143
25	42	0.962143
42	178	0.973530
178	42	0.973530
42	230	0.979172
230	42	0.979172
42	119	0.992303
119	42	0.992303
42	309	0.994272
309	42	0.994272
42	213	0.979082
213	42	0.979082
295	2	0.947772
2	295	0.947772
295	273	0.976016
273	295	0.976016
295	194	0.964992
194	295	0.964992
295	302	0.975161
302	295	0.975161
295	249	0.982274
249	295	0.982274
295	25	0.960719
25	295	0.960719
295	178	0.980914
178	295	0.980914
295	230	0.975292
230	295	0.975292
295	119	0.987682
119	295	0.987682
295	309	0.984863
309	295	0.984863
295	213	0.979217
213	295	0.979217
2	273	0.961129
273	2	0.961129
2	194	0.963324
194	2	0.963324
2	302	0.957908
302	2	0.957908
2	249	0.953865
249	2	0.953865
2	25	0.960864
25	2	0.960864
2	178	0.950012
178	2	0.950012
2	230	0.960903
230	2	0.960903
2	119	0.941858
119	2	0.941858
2	309	0.950301
309	2	0.950301
2	213	0.963160
213	2	0.963160
273	194	0.977148
194	273	0.977148
273	302	0.989511
302	273	0.989511
273	249	0.984353
249	273	0.984353
273	25	0.973898
25	273	0.973898
273	178	0.982165
178	273	0.982165
273	230	0.987670
230	273	0.987670
273	119	0.977096
119	273	0.977096
273	309	0.981463
309	273	0.981463
273	213	0.989302
213	273	0.989302
194	302	0.982036
302	194	0.982036
194	249	0.982342
249	194	0.982342
194	25	0.958294
25	194	0.958294
194	178	0.977502
178	194	0.977502
194	230	0.975320
230	194	0.975320
194	119	0.957480
119	194	0.957480
194	309	0.959503
309	194	0.959503
194	213	0.980643
213	194	0.980643
302	249	0.992519
249	302	0.992519
302	25	0.965810
25	302	0.965810
302	178	0.984157
178	302	0.984157
302	230	0.988837
230	302	0.988837
302	119	0.977000
119	302	0.977000
302	309	0.974243
309	302	0.974243
302	213	0.993282
213	302	0.993282
249	25	0.962324
25	249	0.962324
249	178	0.987345
178	249	0.987345
249	230	0.983407
230	249	0.983407
249	119	0.980860
119	249	0.980860
249	309	0.976405
309	249	0.976405
249	213	0.991243
213	249	0.991243
25	178	0.953484
178	25	0.953484
25	230	0.967790
230	25	0.967790
25	119	0.956942
119	25	0.956942
25	309	0.960304
309	25	0.960304
25	213	0.965208
213	25	0.965208
178	230	0.981576
230	178	0.981576
178	119	0.976762
119	178	0.976762
178	309	0.978842
309	178	0.978842
178	213	0.990075
213	178	0.990075
230	119	0.978835
119	230	0.978835
230	309	0.980947
309	230	0.980947
230	213	0.990982
213	230	0.990982
119	309	0.991497
309	119	0.991497
119	213	0.979682
213	119	0.979682
309	213	0.980435
213	309	0.980435
19	270	0.955770
270	19	0.955770
19	54	0.976816
54	19	0.976816
19	59	0.986745
59	19	0.986745
19	115	0.995964
115	19	0.995964
19	157	0.950250
157	19	0.950250
19	226	0.975117
226	19	0.975117
19	240	0.949156
240	19	0.949156
19	103	0.983809
103	19	0.983809
19	321	0.937506
321	19	0.937506
19	58	0.984873
58	19	0.984873
19	71	0.995964
71	19	0.995964
19	265	0.961820
265	19	0.961820
19	160	0.967302
160	19	0.967302
19	132	0.982264
132	19	0.982264
19	104	0.978420
104	19	0.978420
19	329	0.983584
329	19	0.983584
19	185	0.965800
185	19	0.965800
19	3	0.984873
3	19	0.984873
19	221	0.982264
221	19	0.982264
19	282	0.954741
282	19	0.954741
19	218	0.988805
218	19	0.988805
19	11	0.978932
11	19	0.978932
19	107	0.982540
107	19	0.982540
19	306	0.969383
306	19	0.969383
19	142	0.965173
142	19	0.965173
19	141	0.980007
141	19	0.980007
19	168	0.998302
168	19	0.998302
19	223	0.941937
223	19	0.941937
19	91	0.956972
91	19	0.956972
19	188	0.966021
188	19	0.966021
19	274	0.948714
274	19	0.948714
19	106	0.978932
106	19	0.978932
19	10	0.982264
10	19	0.982264
19	13	0.965250
13	19	0.965250
19	27	0.954880
27	19	0.954880
19	98	0.975838
98	19	0.975838
19	210	0.978597
210	19	0.978597
270	54	0.957431
54	270	0.957431
270	59	0.956457
59	270	0.956457
270	115	0.962552
115	270	0.962552
270	157	0.963036
157	270	0.963036
270	226	0.976648
226	270	0.976648
270	240	0.961857
240	270	0.961857
270	103	0.952377
103	270	0.952377
270	321	0.961106
321	270	0.961106
270	58	0.953634
58	270	0.953634
270	71	0.962552
71	270	0.962552
270	265	0.977491
265	270	0.977491
270	160	0.947403
160	270	0.947403
270	132	0.955121
132	270	0.955121
270	104	0.959559
104	270	0.959559
270	329	0.951845
329	270	0.951845
270	185	0.977914
185	270	0.977914
270	3	0.953634
3	270	0.953634
270	221	0.955121
221	270	0.955121
270	282	0.973121
282	270	0.973121
270	218	0.960499
218	270	0.960499
270	11	0.960436
11	270	0.960436
270	107	0.965927
107	270	0.965927
270	306	0.953251
306	270	0.953251
270	142	0.976059
142	270	0.976059
270	141	0.971292
141	270	0.971292
270	168	0.955373
168	270	0.955373
270	223	0.962531
223	270	0.962531
270	91	0.952302
91	270	0.952302
270	188	0.966448
188	270	0.966448
270	274	0.973952
274	270	0.973952
270	106	0.960436
106	270	0.960436
270	10	0.955121
10	270	0.955121
270	13	0.955301
13	270	0.955301
270	27	0.972950
27	270	0.972950
270	98	0.973687
98	270	0.973687
270	210	0.963823
210	270	0.963823
54	59	0.986408
59	54	0.986408
54	115	0.977208
115	54	0.977208
54	157	0.962254
157	54	0.962254
54	226	0.977276
226	54	0.977276
54	240	0.956019
240	54	0.956019
54	103	0.970705
103	54	0.970705
54	321	0.940741
321	54	0.940741
54	58	0.992519
58	54	0.992519
54	71	0.977208
71	54	0.977208
54	265	0.967822
265	54	0.967822
54	160	0.971347
160	54	0.971347
54	132	0.972977
132	54	0.972977
54	104	0.970283
104	54	0.970283
54	329	0.973292
329	54	0.973292
54	185	0.972843
185	54	0.972843
54	3	0.992519
3	54	0.992519
54	221	0.972977
221	54	0.972977
54	282	0.957300
282	54	0.957300
54	218	0.981792
218	54	0.981792
54	11	0.996386
11	54	0.996386
54	107	0.973190
107	54	0.973190
54	306	0.966056
306	54	0.966056
54	142	0.970752
142	54	0.970752
54	141	0.979974
141	54	0.979974
54	168	0.976643
168	54	0.976643
54	223	0.947788
223	54	0.947788
54	91	0.988207
91	54	0.988207
54	188	0.980978
188	54	0.980978
54	274	0.940756
274	54	0.940756
54	106	0.996386
106	54	0.996386
54	10	0.972977
10	54	0.972977
54	13	0.979897
13	54	0.979897
54	27	0.962912
27	54	0.962912
54	98	0.981138
98	54	0.981138
54	210	0.985625
210	54	0.985625
59	115	0.988469
115	59	0.988469
59	157	0.950348
157	59	0.950348
59	226	0.977341
226	59	0.977341
59	240	0.961964
240	59	0.961964
59	103	0.984139
103	59	0.984139
59	321	0.934940
321	59	0.934940
59	58	0.993049
58	59	0.993049
59	71	0.988469
71	59	0.988469
59	265	0.969111
265	59	0.969111
59	160	0.980301
160	59	0.980301
59	132	0.985233
132	59	0.985233
59	104	0.983264
104	59	0.983264
59	329	0.985667
329	59	0.985667
59	185	0.963336
185	59	0.963336
59	3	0.993049
3	59	0.993049
59	221	0.985233
221	59	0.985233
59	282	0.956874
282	59	0.956874
59	218	0.989934
218	59	0.989934
59	11	0.989462
11	59	0.989462
59	107	0.982887
107	59	0.982887
59	306	0.971725
306	59	0.971725
59	142	0.970702
142	59	0.970702
59	141	0.987419
141	59	0.987419
59	168	0.988390
168	59	0.988390
59	223	0.939156
223	59	0.939156
59	91	0.974524
91	59	0.974524
59	188	0.981944
188	59	0.981944
59	274	0.942139
274	59	0.942139
59	106	0.989462
106	59	0.989462
59	10	0.985233
10	59	0.985233
59	13	0.979644
13	59	0.979644
59	27	0.964728
27	59	0.964728
59	98	0.981710
98	59	0.981710
59	210	0.983052
210	59	0.983052
115	157	0.958066
157	115	0.958066
115	226	0.981701
226	115	0.981701
115	240	0.953120
240	115	0.953120
115	103	0.984898
103	115	0.984898
115	321	0.944771
321	115	0.944771
115	58	0.985359
58	115	0.985359
115	71	1.000000
71	115	1.000000
115	265	0.965870
265	115	0.965870
115	160	0.971336
160	115	0.971336
115	132	0.983243
132	115	0.983243
115	104	0.984681
104	115	0.984681
115	329	0.983531
329	115	0.983531
115	185	0.970690
185	115	0.970690
115	3	0.985359
3	115	0.985359
115	221	0.983243
221	115	0.983243
115	282	0.959267
282	115	0.959267
115	218	0.992925
218	115	0.992925
115	11	0.981333
11	115	0.981333
115	107	0.988853
107	115	0.988853
115	306	0.971374
306	115	0.971374
115	142	0.968111
142	115	0.968111
115	141	0.985497
141	115	0.985497
115	168	0.994915
168	115	0.994915
115	223	0.948185
223	115	0.948185
115	91	0.959531
91	115	0.959531
115	188	0.970624
188	115	0.970624
115	274	0.955461
274	115	0.955461
115	106	0.981333
106	115	0.981333
115	10	0.983243
10	115	0.983243
115	13	0.968986
13	115	0.968986
115	27	0.958508
27	115	0.958508
115	98	0.981869
98	115	0.981869
115	210	0.981523
210	115	0.981523
157	226	0.972402
226	157	0.972402
157	240	0.935644
240	157	0.935644
157	103	0.940420
103	157	0.940420
157	321	0.982594
321	157	0.982594
157	58	0.954929
58	157	0.954929
157	71	0.958066
71	157	0.958066
157	265	0.956679
265	157	0.956679
157	160	0.932474
160	157	0.932474
157	132	0.944158
132	157	0.944158
157	104	0.943466
104	157	0.943466
157	329	0.937123
329	157	0.937123
157	185	0.985956
185	157	0.985956
157	3	0.954929
3	157	0.954929
157	221	0.944158
221	157	0.944158
157	282	0.950023
282	157	0.950023
157	218	0.961786
218	157	0.961786
157	11	0.964761
11	157	0.964761
157	107	0.956122
107	157	0.956122
157	306	0.949104
306	157	0.949104
157	142	0.959813
142	157	0.959813
157	141	0.960801
141	157	0.960801
157	168	0.948306
168	157	0.948306
157	223	0.981692
223	157	0.981692
157	91	0.945015
91	157	0.945015
157	188	0.955379
188	157	0.955379
157	274	0.958673
274	157	0.958673
157	106	0.964761
106	157	0.964761
157	10	0.944158
10	157	0.944158
157	13	0.942027
13	157	0.942027
157	27	0.949279
27	157	0.949279
157	98	0.969959
98	157	0.969959
157	210	0.973191
210	157	0.973191
226	240	0.969400
240	226	0.969400
226	103	0.966136
103	226	0.966136
226	321	0.955972
321	226	0.955972
226	58	0.977857
58	226	0.977857
226	71	0.981701
71	226	0.981701
226	265	0.985116
265	226	0.985116
226	160	0.964429
160	226	0.964429
226	132	0.969643
132	226	0.969643
226	104	0.975919
104	226	0.975919
226	329	0.964784
329	226	0.964784
226	185	0.986504
185	226	0.986504
226	3	0.977857
3	226	0.977857
226	221	0.969643
221	226	0.969643
226	282	0.976914
282	226	0.976914
226	218	0.980540
218	226	0.980540
226	11	0.980255
11	226	0.980255
226	107	0.979939
107	226	0.979939
226	306	0.967207
306	226	0.967207
226	142	0.985475
142	226	0.985475
226	141	0.993057
141	226	0.993057
226	168	0.973401
168	226	0.973401
226	223	0.964549
223	226	0.964549
226	91	0.968072
91	226	0.968072
226	188	0.981083
188	226	0.981083
226	274	0.959218
274	226	0.959218
226	106	0.980255
106	226	0.980255
226	10	0.969643
10	226	0.969643
226	13	0.971967
13	226	0.971967
226	27	0.980384
27	226	0.980384
226	98	0.997597
98	226	0.997597
226	210	0.982404
210	226	0.982404
240	103	0.951015
103	240	0.951015
240	321	0.930907
321	240	0.930907
240	58	0.961781
58	240	0.961781
240	71	0.953120
71	240	0.953120
240	265	0.987994
265	240	0.987994
240	160	0.951413
160	240	0.951413
240	132	0.951386
132	240	0.951386
240	104	0.961331
104	240	0.961331
240	329	0.953078
329	240	0.953078
240	185	0.959420
185	240	0.959420
240	3	0.961781
3	240	0.961781
240	221	0.951386
221	240	0.951386
240	282	0.980280
282	240	0.980280
240	218	0.951304
218	240	0.951304
240	11	0.957105
11	240	0.957105
240	107	0.961182
107	240	0.961182
240	306	0.945486
306	240	0.945486
240	142	0.988329
142	240	0.988329
240	141	0.973143
141	240	0.973143
240	168	0.950992
168	240	0.950992
240	223	0.939574
223	240	0.939574
240	91	0.958007
91	240	0.958007
240	188	0.975071
188	240	0.975071
240	274	0.932282
274	240	0.932282
240	106	0.957105
106	240	0.957105
240	10	0.951386
10	240	0.951386
240	13	0.960026
13	240	0.960026
240	27	0.990570
27	240	0.990570
240	98	0.967864
98	240	0.967864
240	210	0.958176
210	240	0.958176
103	321	0.930208
321	103	0.930208
103	58	0.978697
58	103	0.978697
103	71	0.984898
71	103	0.984898
103	265	0.959289
265	103	0.959289
103	160	0.983028
160	103	0.983028
103	132	0.992843
132	103	0.992843
103	104	0.982725
104	103	0.982725
103	329	0.998509
329	103	0.998509
103	185	0.954454
185	103	0.954454
103	3	0.978697
3	103	0.978697
103	221	0.992843
221	103	0.992843
103	282	0.949739
282	103	0.949739
103	218	0.985001
218	103	0.985001
103	11	0.977183
11	103	0.977183
103	107	0.985003
107	103	0.985003
103	306	0.966564
306	103	0.966564
103	142	0.959713
142	103	0.959713
103	141	0.973414
141	103	0.973414
103	168	0.984854
168	103	0.984854
103	223	0.930866
223	103	0.930866
103	91	0.959582
91	103	0.959582
103	188	0.966644
188	103	0.966644
103	274	0.950059
274	103	0.950059
103	106	0.977183
106	103	0.977183
103	10	0.992843
10	103	0.992843
103	13	0.976747
13	103	0.976747
103	27	0.954209
27	103	0.954209
103	98	0.969190
98	103	0.969190
103	210	0.970897
210	103	0.970897
321	58	0.937965
58	321	0.937965
321	71	0.944771
71	321	0.944771
321	265	0.948291
265	321	0.948291
321	160	0.918470
160	321	0.918470
321	132	0.933985
132	321	0.933985
321	104	0.928690
104	321	0.928690
321	329	0.926363
329	321	0.926363
321	185	0.971745
185	321	0.971745
321	3	0.937965
3	321	0.937965
321	221	0.933985
221	321	0.933985
321	282	0.949013
282	321	0.949013
321	218	0.946147
218	321	0.946147
321	11	0.943740
11	321	0.943740
321	107	0.942501
107	321	0.942501
321	306	0.932286
306	321	0.932286
321	142	0.950671
142	321	0.950671
321	141	0.945602
141	321	0.945602
321	168	0.938091
168	321	0.938091
321	223	0.968453
223	321	0.968453
321	91	0.924921
91	321	0.924921
321	188	0.940254
188	321	0.940254
321	274	0.953919
274	321	0.953919
321	106	0.943740
106	321	0.943740
321	10	0.933985
10	321	0.933985
321	13	0.922482
13	321	0.922482
321	27	0.940025
27	321	0.940025
321	98	0.951222
98	321	0.951222
321	210	0.960576
210	321	0.960576
58	71	0.985359
71	58	0.985359
58	265	0.967703
265	58	0.967703
58	160	0.980209
160	58	0.980209
58	132	0.980617
132	58	0.980617
58	104	0.980326
104	58	0.980326
58	329	0.980345
329	58	0.980345
58	185	0.966574
185	58	0.966574
58	3	1.000000
3	58	1.000000
58	221	0.980617
221	58	0.980617
58	282	0.962152
282	58	0.962152
58	218	0.986485
218	58	0.986485
58	11	0.993873
11	58	0.993873
58	107	0.980857
107	58	0.980857
58	306	0.970751
306	58	0.970751
58	142	0.971818
142	58	0.971818
58	141	0.984846
141	58	0.984846
58	168	0.985656
168	58	0.985656
58	223	0.940146
223	58	0.940146
58	91	0.978199
91	58	0.978199
58	188	0.983043
188	58	0.983043
58	274	0.937039
274	58	0.937039
58	106	0.993873
106	58	0.993873
58	10	0.980617
10	58	0.980617
58	13	0.980859
13	58	0.980859
58	27	0.963854
27	58	0.963854
58	98	0.981177
98	58	0.981177
58	210	0.985851
210	58	0.985851
71	265	0.965870
265	71	0.965870
71	160	0.971336
160	71	0.971336
71	132	0.983243
132	71	0.983243
71	104	0.984681
104	71	0.984681
71	329	0.983531
329	71	0.983531
71	185	0.970690
185	71	0.970690
71	3	0.985359
3	71	0.985359
71	221	0.983243
221	71	0.983243
71	282	0.959267
282	71	0.959267
71	218	0.992925
218	71	0.992925
71	11	0.981333
11	71	0.981333
71	107	0.988853
107	71	0.988853
71	306	0.971374
306	71	0.971374
71	142	0.968111
142	71	0.968111
71	141	0.985497
141	71	0.985497
71	168	0.994915
168	71	0.994915
71	223	0.948185
223	71	0.948185
71	91	0.959531
91	71	0.959531
71	188	0.970624
188	71	0.970624
71	274	0.955461
274	71	0.955461
71	106	0.981333
106	71	0.981333
71	10	0.983243
10	71	0.983243
71	13	0.968986
13	71	0.968986
71	27	0.958508
27	71	0.958508
71	98	0.981869
98	71	0.981869
71	210	0.981523
210	71	0.981523
265	160	0.953675
160	265	0.953675
265	132	0.960993
132	265	0.960993
265	104	0.968835
104	265	0.968835
265	329	0.960271
329	265	0.960271
265	185	0.977277
185	265	0.977277
265	3	0.967703
3	265	0.967703
265	221	0.960993
221	265	0.960993
265	282	0.982168
282	265	0.982168
265	218	0.963080
218	265	0.963080
265	11	0.968651
11	265	0.968651
265	107	0.972513
107	265	0.972513
265	306	0.955703
306	265	0.955703
265	142	0.996142
142	265	0.996142
265	141	0.981398
141	265	0.981398
265	168	0.961910
168	265	0.961910
265	223	0.957002
223	265	0.957002
265	91	0.964077
91	265	0.964077
265	188	0.976879
188	265	0.976879
265	274	0.954854
274	265	0.954854
265	106	0.968651
106	265	0.968651
265	10	0.960993
10	265	0.960993
265	13	0.964381
13	265	0.964381
265	27	0.996820
27	265	0.996820
265	98	0.982194
98	265	0.982194
265	210	0.972549
210	265	0.972549
160	132	0.987681
132	160	0.987681
160	104	0.980079
104	160	0.980079
160	329	0.983953
329	160	0.983953
160	185	0.948094
185	160	0.948094
160	3	0.980209
3	160	0.980209
160	221	0.987681
221	160	0.987681
160	282	0.951760
282	160	0.951760
160	218	0.977879
218	160	0.977879
160	11	0.978400
11	160	0.978400
160	107	0.976449
107	160	0.976449
160	306	0.961409
306	160	0.961409
160	142	0.956607
142	160	0.956607
160	141	0.973804
141	160	0.973804
160	168	0.969470
168	160	0.969470
160	223	0.918011
223	160	0.918011
160	91	0.965385
91	160	0.965385
160	188	0.974580
188	160	0.974580
160	274	0.934301
274	160	0.934301
160	106	0.978400
106	160	0.978400
160	10	0.987681
10	160	0.987681
160	13	0.991876
13	160	0.991876
160	27	0.953468
27	160	0.953468
160	98	0.969615
98	160	0.969615
160	210	0.965350
210	160	0.965350
132	104	0.979471
104	132	0.979471
132	329	0.993682
329	132	0.993682
132	185	0.956348
185	132	0.956348
132	3	0.980617
3	132	0.980617
132	221	1.000000
221	132	1.000000
132	282	0.950710
282	132	0.950710
132	218	0.985380
218	132	0.985380
132	11	0.978184
11	132	0.978184
132	107	0.981330
107	132	0.981330
132	306	0.965837
306	132	0.965837
132	142	0.962455
142	132	0.962455
132	141	0.976532
141	132	0.976532
132	168	0.983843
168	132	0.983843
132	223	0.931985
223	132	0.931985
132	91	0.960141
91	132	0.960141
132	188	0.970409
188	132	0.970409
132	274	0.947881
274	132	0.947881
132	106	0.978184
106	132	0.978184
132	10	1.000000
10	132	1.000000
132	13	0.982033
13	132	0.982033
132	27	0.956537
27	132	0.956537
132	98	0.972337
98	132	0.972337
132	210	0.974942
210	132	0.974942
104	329	0.980657
329	104	0.980657
104	185	0.960291
185	104	0.960291
104	3	0.980326
3	104	0.980326
104	221	0.979471
221	104	0.979471
104	282	0.961667
282	104	0.961667
104	218	0.982432
218	104	0.982432
104	11	0.978432
11	104	0.978432
104	107	0.996678
107	104	0.996678
104	306	0.972090
306	104	0.972090
104	142	0.968362
142	104	0.968362
104	141	0.983444
141	104	0.983444
104	168	0.977769
168	104	0.977769
104	223	0.935183
223	104	0.935183
104	91	0.962650
91	104	0.962650
104	188	0.972715
188	104	0.972715
104	274	0.949283
274	104	0.949283
104	106	0.978432
106	104	0.978432
104	10	0.979471
10	104	0.979471
104	13	0.976364
13	104	0.976364
104	27	0.965617
27	104	0.965617
104	98	0.977544
98	104	0.977544
104	210	0.971254
210	104	0.971254
329	185	0.952546
185	329	0.952546
329	3	0.980345
3	329	0.980345
329	221	0.993682
221	329	0.993682
329	282	0.949837
282	329	0.949837
329	218	0.984108
218	329	0.984108
329	11	0.978073
11	329	0.978073
329	107	0.982180
107	329	0.982180
329	306	0.965793
306	329	0.965793
329	142	0.960929
142	329	0.960929
329	141	0.973284
141	329	0.973284
329	168	0.985541
168	329	0.985541
329	223	0.927486
223	329	0.927486
329	91	0.962923
91	329	0.962923
329	188	0.967882
188	329	0.967882
329	274	0.947215
274	329	0.947215
329	106	0.978073
106	329	0.978073
329	10	0.993682
10	329	0.993682
329	13	0.978649
13	329	0.978649
329	27	0.955818
27	329	0.955818
329	98	0.968087
98	329	0.968087
329	210	0.970290
210	329	0.970290
185	3	0.966574
3	185	0.966574
185	221	0.956348
221	185	0.956348
185	282	0.967817
282	185	0.967817
185	218	0.968547
218	185	0.968547
185	11	0.974304
11	185	0.974304
185	107	0.969019
107	185	0.969019
185	306	0.958256
306	185	0.958256
185	142	0.976900
142	185	0.976900
185	141	0.978170
141	185	0.978170
185	168	0.963795
168	185	0.963795
185	223	0.977189
223	185	0.977189
185	91	0.964364
91	185	0.964364
185	188	0.968658
188	185	0.968658
185	274	0.970359
274	185	0.970359
185	106	0.974304
106	185	0.974304
185	10	0.956348
10	185	0.956348
185	13	0.959582
13	185	0.959582
185	27	0.970307
27	185	0.970307
185	98	0.984230
98	185	0.984230
185	210	0.978444
210	185	0.978444
3	221	0.980617
221	3	0.980617
3	282	0.962152
282	3	0.962152
3	218	0.986485
218	3	0.986485
3	11	0.993873
11	3	0.993873
3	107	0.980857
107	3	0.980857
3	306	0.970751
306	3	0.970751
3	142	0.971818
142	3	0.971818
3	141	0.984846
141	3	0.984846
3	168	0.985656
168	3	0.985656
3	223	0.940146
223	3	0.940146
3	91	0.978199
91	3	0.978199
3	188	0.983043
188	3	0.983043
3	274	0.937039
274	3	0.937039
3	106	0.993873
106	3	0.993873
3	10	0.980617
10	3	0.980617
3	13	0.980859
13	3	0.980859
3	27	0.963854
27	3	0.963854
3	98	0.981177
98	3	0.981177
3	210	0.985851
210	3	0.985851
221	282	0.950710
282	221	0.950710
221	218	0.985380
218	221	0.985380
221	11	0.978184
11	221	0.978184
221	107	0.981330
107	221	0.981330
221	306	0.965837
306	221	0.965837
221	142	0.962455
142	221	0.962455
221	141	0.976532
141	221	0.976532
221	168	0.983843
168	221	0.983843
221	223	0.931985
223	221	0.931985
221	91	0.960141
91	221	0.960141
221	188	0.970409
188	221	0.970409
221	274	0.947881
274	221	0.947881
221	106	0.978184
106	221	0.978184
221	10	1.000000
10	221	1.000000
221	13	0.982033
13	221	0.982033
221	27	0.956537
27	221	0.956537
221	98	0.972337
98	221	0.972337
221	210	0.974942
210	221	0.974942
282	218	0.953782
218	282	0.953782
282	11	0.959459
11	282	0.959459
282	107	0.964143
107	282	0.964143
282	306	0.953771
306	282	0.953771
282	142	0.986006
142	282	0.986006
282	141	0.972821
141	282	0.972821
282	168	0.953930
168	282	0.953930
282	223	0.949786
223	282	0.949786
282	91	0.953461
91	282	0.953461
282	188	0.969090
188	282	0.969090
282	274	0.945927
274	282	0.945927
282	106	0.959459
106	282	0.959459
282	10	0.950710
10	282	0.950710
282	13	0.955834
13	282	0.955834
282	27	0.982324
27	282	0.982324
282	98	0.974039
98	282	0.974039
282	210	0.958943
210	282	0.958943
218	11	0.986873
11	218	0.986873
218	107	0.985796
107	218	0.985796
218	306	0.971627
306	218	0.971627
218	142	0.966348
142	218	0.966348
218	141	0.985164
141	218	0.985164
218	168	0.989807
168	218	0.989807
218	223	0.949549
223	218	0.949549
218	91	0.963717
91	218	0.963717
218	188	0.977298
188	218	0.977298
218	274	0.953923
274	218	0.953923
218	106	0.986873
106	218	0.986873
218	10	0.985380
10	218	0.985380
218	13	0.975273
13	218	0.975273
218	27	0.958197
27	218	0.958197
218	98	0.983236
98	218	0.983236
218	210	0.984766
210	218	0.984766
11	107	0.979695
107	11	0.979695
11	306	0.969936
306	11	0.969936
11	142	0.970767
142	11	0.970767
11	141	0.983679
141	11	0.983679
11	168	0.979033
168	11	0.979033
11	223	0.948806
223	11	0.948806
11	91	0.986798
91	11	0.986798
11	188	0.982807
188	11	0.982807
11	274	0.947912
274	11	0.947912
11	106	1.000000
106	11	1.000000
11	10	0.978184
10	11	0.978184
11	13	0.983023
13	11	0.983023
11	27	0.963806
27	11	0.963806
11	98	0.984669
98	11	0.984669
11	210	0.986615
210	11	0.986615
107	306	0.973346
306	107	0.973346
107	142	0.971802
142	107	0.971802
107	141	0.982578
141	107	0.982578
107	168	0.981018
168	107	0.981018
107	223	0.948546
223	107	0.948546
107	91	0.959961
91	107	0.959961
107	188	0.974104
188	107	0.974104
107	274	0.956550
274	107	0.956550
107	106	0.979695
106	107	0.979695
107	10	0.981330
10	107	0.981330
107	13	0.973983
13	107	0.973983
107	27	0.966872
27	107	0.966872
107	98	0.979678
98	107	0.979678
107	210	0.977842
210	107	0.977842
306	142	0.959826
142	306	0.959826
306	141	0.972858
141	306	0.972858
306	168	0.966811
168	306	0.966811
306	223	0.940964
223	306	0.940964
306	91	0.955024
91	306	0.955024
306	188	0.964611
188	306	0.964611
306	274	0.934025
274	306	0.934025
306	106	0.969936
106	306	0.969936
306	10	0.965837
10	306	0.965837
306	13	0.958752
13	306	0.958752
306	27	0.953332
27	306	0.953332
306	98	0.970442
98	306	0.970442
306	210	0.968019
210	306	0.968019
142	141	0.981701
141	142	0.981701
142	168	0.965022
168	142	0.965022
142	223	0.958661
223	142	0.958661
142	91	0.963928
91	142	0.963928
142	188	0.979041
188	142	0.979041
142	274	0.949115
274	142	0.949115
142	106	0.970767
106	142	0.970767
142	10	0.962455
10	142	0.962455
142	13	0.964917
13	142	0.964917
142	27	0.996620
27	142	0.996620
142	98	0.982847
98	142	0.982847
142	210	0.973579
210	142	0.973579
141	168	0.980444
168	141	0.980444
141	223	0.951949
223	141	0.951949
141	91	0.975071
91	141	0.975071
141	188	0.985346
188	141	0.985346
141	274	0.952458
274	141	0.952458
141	106	0.983679
106	141	0.983679
141	10	0.976532
10	141	0.976532
141	13	0.978403
13	141	0.978403
141	27	0.978389
27	141	0.978389
141	98	0.994312
98	141	0.994312
141	210	0.980870
210	141	0.980870
168	223	0.939085
223	168	0.939085
168	91	0.958413
91	168	0.958413
168	188	0.966284
188	168	0.966284
168	274	0.948330
274	168	0.948330
168	106	0.979033
106	168	0.979033
168	10	0.983843
10	168	0.983843
168	13	0.965701
13	168	0.965701
168	27	0.955518
27	168	0.955518
168	98	0.974765
98	168	0.974765
168	210	0.977884
210	168	0.977884
223	91	0.928559
91	223	0.928559
223	188	0.955020
188	223	0.955020
223	274	0.954398
274	223	0.954398
223	106	0.948806
106	223	0.948806
223	10	0.931985
10	223	0.931985
223	13	0.930948
13	223	0.930948
223	27	0.950550
27	223	0.950550
223	98	0.960139
98	223	0.960139
223	210	0.958408
210	223	0.958408
91	188	0.973575
188	91	0.973575
91	274	0.933690
274	91	0.933690
91	106	0.986798
106	91	0.986798
91	10	0.960141
10	91	0.960141
91	13	0.977622
13	91	0.977622
91	27	0.961531
27	91	0.961531
91	98	0.974061
98	91	0.974061
91	210	0.968206
210	91	0.968206
188	274	0.939421
274	188	0.939421
188	106	0.982807
106	188	0.982807
188	10	0.970409
10	188	0.970409
188	13	0.982316
13	188	0.982316
188	27	0.976023
27	188	0.976023
188	98	0.983025
98	188	0.983025
188	210	0.977175
210	188	0.977175
274	106	0.947912
106	274	0.947912
274	10	0.947881
10	274	0.947881
274	13	0.941628
13	274	0.941628
274	27	0.947406
27	274	0.947406
274	98	0.958774
98	274	0.958774
274	210	0.950062
210	274	0.950062
106	10	0.978184
10	106	0.978184
106	13	0.983023
13	106	0.983023
106	27	0.963806
27	106	0.963806
106	98	0.984669
98	106	0.984669
106	210	0.986615
210	106	0.986615
10	13	0.982033
13	10	0.982033
10	27	0.956537
27	10	0.956537
10	98	0.972337
98	10	0.972337
10	210	0.974942
210	10	0.974942
13	27	0.963808
27	13	0.963808
13	98	0.977063
98	13	0.977063
13	210	0.969636
210	13	0.969636
27	98	0.978580
98	27	0.978580
27	210	0.965352
210	27	0.965352
98	210	0.983477
210	98	0.983477
5	148	0.917625
148	5	0.917625
5	105	0.917625
105	5	0.917625
5	67	0.990329
67	5	0.990329
5	283	0.917625
283	5	0.917625
5	189	0.991282
189	5	0.991282
5	263	0.983411
263	5	0.983411
148	105	1.000000
105	148	1.000000
148	67	0.916123
67	148	0.916123
148	283	1.000000
283	148	1.000000
148	189	0.924369
189	148	0.924369
148	263	0.931244
263	148	0.931244
105	67	0.916123
67	105	0.916123
105	283	1.000000
283	105	1.000000
105	189	0.924369
189	105	0.924369
105	263	0.931244
263	105	0.931244
67	283	0.916123
283	67	0.916123
67	189	0.995494
189	67	0.995494
67	263	0.980922
263	67	0.980922
283	189	0.924369
189	283	0.924369
283	263	0.931244
263	283	0.931244
189	263	0.987752
263	189	0.987752
7	75	0.968009
75	7	0.968009
7	153	0.970221
153	7	0.970221
7	114	0.992847
114	7	0.992847
7	206	0.962986
206	7	0.962986
7	22	0.996957
22	7	0.996957
7	242	0.971684
242	7	0.971684
7	220	0.993730
220	7	0.993730
7	45	0.992339
45	7	0.992339
7	159	0.962986
159	7	0.962986
7	328	0.969072
328	7	0.969072
7	47	0.975159
47	7	0.975159
7	113	0.996957
113	7	0.996957
7	124	0.974111
124	7	0.974111
7	55	0.969033
55	7	0.969033
75	153	0.955169
153	75	0.955169
75	114	0.973866
114	75	0.973866
75	206	0.958627
206	75	0.958627
75	22	0.971577
22	75	0.971577
75	242	0.997166
242	75	0.997166
75	220	0.966514
220	75	0.966514
75	45	0.972552
45	75	0.972552
75	159	0.958627
159	75	0.958627
75	328	0.959064
328	75	0.959064
75	47	0.968360
47	75	0.968360
75	113	0.971577
113	75	0.971577
75	124	0.958238
124	75	0.958238
75	55	0.974435
55	75	0.974435
153	114	0.962505
114	153	0.962505
153	206	0.948066
206	153	0.948066
153	22	0.969869
22	153	0.969869
153	242	0.952890
242	153	0.952890
153	220	0.961151
220	153	0.961151
153	45	0.959384
45	153	0.959384
153	159	0.948066
159	153	0.948066
153	328	0.946296
328	153	0.946296
153	47	0.958281
47	153	0.958281
153	113	0.969869
113	153	0.969869
153	124	0.952933
124	153	0.952933
153	55	0.982832
55	153	0.982832
114	206	0.963764
206	114	0.963764
114	22	0.991757
22	114	0.991757
114	242	0.977623
242	114	0.977623
114	220	0.996021
220	114	0.996021
114	45	0.997759
45	114	0.997759
114	159	0.963764
159	114	0.963764
114	328	0.979742
328	114	0.979742
114	47	0.978046
47	114	0.978046
114	113	0.991757
113	114	0.991757
114	124	0.975732
124	114	0.975732
114	55	0.966676
55	114	0.966676
206	22	0.963122
22	206	0.963122
206	242	0.956989
242	206	0.956989
206	220	0.961083
220	206	0.961083
206	45	0.963271
45	206	0.963271
206	159	1.000000
159	206	1.000000
206	328	0.951976
328	206	0.951976
206	47	0.963857
47	206	0.963857
206	113	0.963122
113	206	0.963122
206	124	0.964369
124	206	0.964369
206	55	0.952575
55	206	0.952575
22	242	0.974624
242	22	0.974624
22	220	0.989698
220	22	0.989698
22	45	0.992134
45	22	0.992134
22	159	0.963122
159	22	0.963122
22	328	0.967811
328	22	0.967811
22	47	0.977540
47	22	0.977540
22	113	1.000000
113	22	1.000000
22	124	0.974670
124	22	0.974670
22	55	0.969840
55	22	0.969840
242	220	0.972152
220	242	0.972152
242	45	0.978128
45	242	0.978128
242	159	0.956989
159	242	0.956989
242	328	0.957713
328	242	0.957713
242	47	0.972479
47	242	0.972479
242	113	0.974624
113	242	0.974624
242	124	0.964832
124	242	0.964832
242	55	0.973078
55	242	0.973078
220	45	0.996890
45	220	0.996890
220	159	0.961083
159	220	0.961083
220	328	0.976498
328	220	0.976498
220	47	0.975011
47	220	0.975011
220	113	0.989698
113	220	0.989698
220	124	0.975173
124	220	0.975173
220	55	0.962277
55	220	0.962277
45	159	0.963271
159	45	0.963271
45	328	0.976918
328	45	0.976918
45	47	0.979516
47	45	0.979516
45	113	0.992134
113	45	0.992134
45	124	0.979703
124	45	0.979703
45	55	0.964939
55	45	0.964939
159	328	0.951976
328	159	0.951976
159	47	0.963857
47	159	0.963857
159	113	0.963122
113	159	0.963122
159	124	0.964369
124	159	0.964369
159	55	0.952575
55	159	0.952575
328	47	0.965801
47	328	0.965801
328	113	0.967811
113	328	0.967811
328	124	0.961030
124	328	0.961030
328	55	0.951448
55	328	0.951448
47	113	0.977540
113	47	0.977540
47	124	0.992400
124	47	0.992400
47	55	0.971341
55	47	0.971341
113	124	0.974670
124	113	0.974670
113	55	0.969840
55	113	0.969840
124	55	0.963868
55	124	0.963868
285	9	0.956113
9	285	0.956113
272	228	0.965673
228	272	0.965673
272	12	0.971077
12	272	0.971077
272	130	0.974325
130	272	0.974325
272	152	0.926667
152	272	0.926667
228	12	0.995409
12	228	0.995409
228	130	0.977491
130	228	0.977491
228	152	0.953644
152	228	0.953644
12	130	0.974048
130	12	0.974048
12	152	0.948148
152	12	0.948148
130	152	0.940277
152	130	0.940277
150	200	0.929448
200	150	0.929448
150	214	0.918786
214	150	0.918786
150	78	0.995669
78	150	0.995669
150	46	0.938929
46	150	0.938929
150	15	0.890264
15	150	0.890264
200	214	0.975214
214	200	0.975214
200	78	0.928746
78	200	0.928746
200	46	0.956871
46	200	0.956871
200	15	0.949475
15	200	0.949475
214	78	0.919232
78	214	0.919232
214	46	0.942591
46	214	0.942591
214	15	0.964317
15	214	0.964317
78	46	0.946252
46	78	0.946252
78	15	0.887226
15	78	0.887226
46	15	0.907505
15	46	0.907505
16	41	0.988828
41	16	0.988828
16	212	0.960629
212	16	0.960629
16	95	0.938655
95	16	0.938655
16	264	0.951483
264	16	0.951483
41	212	0.954447
212	41	0.954447
41	95	0.931123
95	41	0.931123
41	264	0.940294
264	41	0.940294
212	95	0.977279
95	212	0.977279
212	264	0.992875
264	212	0.992875
95	264	0.976826
264	95	0.976826
316	17	0.985311
17	316	0.985311
316	117	0.962766
117	316	0.962766
316	268	0.992091
268	316	0.992091
17	117	0.974081
117	17	0.974081
17	268	0.993470
268	17	0.993470
117	268	0.973298
268	117	0.973298
154	314	0.959416
314	154	0.959416
154	246	0.964743
246	154	0.964743
154	146	0.985127
146	154	0.985127
154	280	0.963668
280	154	0.963668
154	262	0.903769
262	154	0.903769
154	21	0.940608
21	154	0.940608
154	278	0.907971
278	154	0.907971
314	246	0.930870
246	314	0.930870
314	146	0.966194
146	314	0.966194
314	280	0.939814
280	314	0.939814
314	262	0.897456
262	314	0.897456
314	21	0.942278
21	314	0.942278
314	278	0.896688
278	314	0.896688
246	146	0.972387
146	246	0.972387
246	280	0.934630
280	246	0.934630
246	262	0.855206
262	246	0.855206
246	21	0.886723
21	246	0.886723
146	280	0.971141
280	146	0.971141
146	262	0.910751
262	146	0.910751
146	21	0.937770
21	146	0.937770
146	278	0.902879
278	146	0.902879
280	262	0.949866
262	280	0.949866
280	21	0.933612
21	280	0.933612
280	278	0.930584
278	280	0.930584
262	21	0.903051
21	262	0.903051
262	278	0.936845
278	262	0.936845
21	278	0.923026
278	21	0.923026
269	275	0.912611
275	269	0.912611
269	23	0.877623
23	269	0.877623
275	23	0.939969
23	275	0.939969
97	217	0.991004
217	97	0.991004
97	177	0.973965
177	97	0.973965
97	101	0.989414
101	97	0.989414
97	109	0.988071
109	97	0.988071
97	87	0.994865
87	97	0.994865
97	53	0.979698
53	97	0.979698
97	250	0.994063
250	97	0.994063
97	233	0.967757
233	97	0.967757
97	320	0.997918
320	97	0.997918
97	24	0.994415
24	97	0.994415
97	311	0.986153
311	97	0.986153
97	94	0.993699
94	97	0.993699
97	193	0.965252
193	97	0.965252
97	183	0.991258
183	97	0.991258
217	177	0.973086
177	217	0.973086
217	101	0.984041
101	217	0.984041
217	109	0.988640
109	217	0.988640
217	87	0.994657
87	217	0.994657
217	53	0.978691
53	217	0.978691
217	250	0.993297
250	217	0.993297
217	233	0.960151
233	217	0.960151
217	320	0.992328
320	217	0.992328
217	24	0.996292
24	217	0.996292
217	311	0.984097
311	217	0.984097
217	94	0.988777
94	217	0.988777
217	193	0.960282
193	217	0.960282
217	183	0.995883
183	217	0.995883
177	101	0.966307
101	177	0.966307
177	109	0.983461
109	177	0.983461
177	87	0.974142
87	177	0.974142
177	53	0.992714
53	177	0.992714
177	250	0.977723
250	177	0.977723
177	233	0.943785
233	177	0.943785
177	320	0.970221
320	177	0.970221
177	24	0.971736
24	177	0.971736
177	311	0.984210
311	177	0.984210
177	94	0.974998
94	177	0.974998
177	193	0.967132
193	177	0.967132
177	183	0.979946
183	177	0.979946
101	109	0.978474
109	101	0.978474
101	87	0.985225
87	101	0.985225
101	53	0.971800
53	101	0.971800
101	250	0.986004
250	101	0.986004
101	233	0.967668
233	101	0.967668
101	320	0.987816
320	101	0.987816
101	24	0.985820
24	101	0.985820
101	311	0.979276
311	101	0.979276
101	94	0.989115
94	101	0.989115
101	193	0.966497
193	101	0.966497
101	183	0.981857
183	101	0.981857
109	87	0.990288
